=== START TEST: Hydrogen_chain_H4_0.5 ===
Time to initialize BPSDP  2e-05  seconds
CASCI E = -1.65311695194011  E(CI) = -6.23931944658011  S^2 = 0.0000000
D
Q
G
Printing System Info
Matrix Rank NumVar numConst
D2aa (6, 36, 17)
D2ab (16, 256, 34)
D2bb (6, 36, 53)
D1a (4, 16, 0)
D1b (4, 16, 16)
Q1a (4, 16, 16)
Q1b (4, 16, 16)
Q2aa (6, 36, 36)
Q2ab (16, 256, 256)
Q2bb (6, 36, 36)
G2big (32, 1024, 1024)
G2ab (16, 256, 257)
G2ba (16, 256, 257)

 Total Variables =  2256
 Total Constraints =  2018
Time to make SDP is  0.010377883911132812  seconds
Time for A dot AT  0.192854  seconds
Time for Computing Preconditioner  4.917389  seconds

 Convergence Achieved. Finishing.

Time for BPSDP test is  27.22  seconds
####################
K2:
[[-1.139e+00  4.114e-17 -3.081e-02 -6.008e-17  2.032e-17  1.469e-01 -1.943e-16 -5.393e-02 -3.081e-02 -1.249e-16  1.088e-01 -2.220e-16 -2.578e-16 -5.393e-02 -4.510e-17  9.283e-02]
 [ 1.339e-16 -1.004e+00 -8.136e-17 -4.485e-02  1.469e-01  1.244e-16  1.110e-01 -4.718e-16 -1.128e-16  7.089e-02  4.025e-16  9.037e-02 -5.393e-02 -7.540e-16  2.294e-02  6.800e-16]
 [-3.081e-02 -3.477e-16 -7.100e-01  1.491e-15 -2.290e-16  1.110e-01  9.016e-16  1.345e-01  1.088e-01  4.163e-16  2.840e-02 -5.551e-16 -4.597e-17  2.294e-02 -4.569e-18 -6.022e-02]
 [-8.821e-18 -4.485e-02  1.943e-15 -3.891e-02 -5.393e-02 -4.927e-16  1.345e-01  3.465e-16 -2.429e-16  9.037e-02 -5.621e-16 -6.509e-02  9.283e-02  6.661e-16 -6.022e-02  8.794e-15]
 [ 1.339e-16  1.469e-01 -2.220e-16 -5.393e-02 -1.004e+00 -6.988e-17  7.089e-02 -6.008e-17 -1.265e-16  1.110e-01  2.220e-16  2.294e-02 -4.485e-02 -1.110e-16  9.037e-02 -2.776e-16]
 [ 1.469e-01  2.311e-16  1.110e-01 -2.776e-16  1.756e-16 -7.667e-01  3.072e-16  3.577e-02  1.110e-01  1.268e-16  1.440e-01 -3.331e-16 -1.180e-16  3.577e-02  1.804e-16  9.901e-02]
 [-2.047e-16  1.110e-01  1.092e-15  1.345e-01  7.089e-02 -1.396e-16 -5.090e-01  1.047e-15  2.394e-16  1.440e-01  2.933e-16  1.026e-01  9.037e-02  1.943e-16  2.226e-02 -3.497e-15]
 [-5.393e-02 -1.839e-16  1.345e-01 -1.712e-15 -4.009e-16  3.577e-02  1.471e-15  8.676e-02  2.294e-02 -3.053e-16  1.026e-01 -2.017e-15 -3.018e-16  9.901e-02 -3.490e-15 -9.015e-02]
 [-3.081e-02 -1.110e-16  1.088e-01  0.000e+00 -3.824e-16  1.110e-01  3.192e-16  2.294e-02 -7.100e-01  7.073e-16  2.840e-02 -7.262e-16  1.845e-15  1.345e-01 -1.395e-15 -6.022e-02]
 [-9.194e-17  7.089e-02  2.082e-16  9.037e-02  1.110e-01 -1.673e-16  1.440e-01  2.776e-17  8.972e-16 -5.090e-01  7.513e-16  2.226e-02  1.345e-01  1.131e-15  1.026e-01  2.359e-15]
 [ 1.088e-01  2.220e-16  2.840e-02 -1.499e-15  3.192e-16  1.440e-01 -1.257e-16  1.026e-01  2.840e-02  6.029e-16 -2.068e-01  3.157e-15 -1.388e-15  1.026e-01  3.351e-15  1.532e-01]
 [ 1.388e-17  9.037e-02 -1.582e-15 -6.509e-02  2.294e-02  2.082e-17  1.026e-01 -5.600e-15 -1.265e-15  2.226e-02  3.164e-15  4.047e-01 -6.022e-02  2.318e-15  1.532e-01 -3.334e-14]
 [-2.048e-16 -5.393e-02  1.388e-16  9.283e-02 -4.485e-02 -2.776e-17  9.037e-02 -9.992e-16  2.273e-15  1.345e-01 -1.714e-15 -6.022e-02 -3.891e-02 -3.290e-15 -6.509e-02  6.061e-16]
 [-5.393e-02 -2.933e-16  2.294e-02 -1.374e-15 -6.939e-18  3.577e-02 -1.076e-16  9.901e-02  1.345e-01  1.055e-15  1.026e-01  3.469e-15 -3.211e-15  8.676e-02  1.084e-15 -9.015e-02]
 [ 1.457e-16  2.294e-02 -9.959e-16 -6.022e-02  9.037e-02 -1.110e-16  2.226e-02 -7.633e-15 -1.707e-15  1.026e-01  4.191e-15  1.532e-01 -6.509e-02  6.931e-16  4.047e-01  4.423e-14]
 [ 9.283e-02 -1.388e-15 -6.022e-02  9.747e-15 -1.065e-15  9.901e-02 -7.556e-15 -9.015e-02 -6.022e-02  3.504e-15  1.532e-01 -4.449e-14  3.798e-16 -9.015e-02  4.485e-14  1.168e+00]]
####################
D2ab:
[[ 9.971e-01 -2.549e-08 -2.474e-05 -5.163e-07 -2.549e-08  2.727e-03 -5.270e-07  9.143e-05 -2.474e-05 -5.270e-07 -3.288e-02  1.910e-05 -5.163e-07  9.143e-05  1.910e-05 -1.516e-02]
 [-2.549e-08  9.913e-01 -3.656e-06  8.239e-04  3.374e-04  2.868e-06  2.858e-05  1.518e-07  7.790e-07 -1.481e-05 -6.471e-06 -2.385e-02  1.613e-05 -6.666e-07 -9.117e-03  2.079e-05]
 [-2.474e-05 -3.656e-06  6.816e-03 -1.130e-07  7.790e-07 -1.116e-05 -1.537e-06 -2.097e-03  7.327e-04  1.662e-06  3.580e-06 -8.318e-07 -5.252e-07 -1.362e-03  8.556e-07 -4.493e-05]
 [-5.163e-07  8.239e-04 -1.130e-07  4.466e-04  1.613e-05  8.823e-07 -3.795e-04  1.238e-06 -5.252e-07  7.469e-04 -3.748e-07  2.952e-06 -2.965e-04 -5.380e-07 -2.031e-05 -3.345e-07]
 [-2.549e-08  3.374e-04  7.790e-07  1.613e-05  9.913e-01  2.868e-06 -1.481e-05 -6.666e-07 -3.656e-06  2.858e-05 -6.471e-06 -9.117e-03  8.239e-04  1.518e-07 -2.385e-02  2.079e-05]
 [ 2.727e-03  2.868e-06 -1.116e-05  8.823e-07  2.868e-06  9.919e-01 -1.708e-06  8.143e-04 -1.116e-05 -1.708e-06 -7.741e-02 -1.728e-05  8.823e-07  8.143e-04 -1.728e-05 -1.756e-02]
 [-5.270e-07  2.858e-05 -1.537e-06 -3.795e-04 -1.481e-05 -1.708e-06  1.306e-03 -1.054e-06  1.662e-06 -4.029e-04  4.835e-07 -1.138e-05  7.469e-04  1.819e-06  3.691e-05 -1.743e-06]
 [ 9.143e-05  1.518e-07 -2.097e-03  1.238e-06 -6.666e-07  8.143e-04 -1.054e-06  8.631e-04 -1.362e-03  1.819e-06 -8.277e-05  1.912e-07 -5.380e-07  7.261e-04 -1.110e-07  1.789e-05]
 [-2.474e-05  7.790e-07  7.327e-04 -5.252e-07 -3.656e-06 -1.116e-05  1.662e-06 -1.362e-03  6.816e-03 -1.537e-06  3.580e-06  8.556e-07 -1.130e-07 -2.097e-03 -8.318e-07 -4.493e-05]
 [-5.270e-07 -1.481e-05  1.662e-06  7.469e-04  2.858e-05 -1.708e-06 -4.029e-04  1.819e-06 -1.537e-06  1.306e-03  4.835e-07  3.691e-05 -3.795e-04 -1.054e-06 -1.138e-05 -1.743e-06]
 [-3.288e-02 -6.471e-06  3.580e-06 -3.748e-07 -6.471e-06 -7.741e-02  4.835e-07 -8.277e-05  3.580e-06  4.835e-07  7.305e-03  7.402e-07 -3.748e-07 -8.277e-05  7.402e-07  1.704e-03]
 [ 1.910e-05 -2.385e-02 -8.318e-07  2.952e-06 -9.117e-03 -1.728e-05 -1.138e-05  1.912e-07  8.556e-07  3.691e-05  7.402e-07  7.158e-04 -2.031e-05 -1.110e-07  3.811e-04 -5.635e-07]
 [-5.163e-07  1.613e-05 -5.252e-07 -2.965e-04  8.239e-04  8.823e-07  7.469e-04 -5.380e-07 -1.130e-07 -3.795e-04 -3.748e-07 -2.031e-05  4.466e-04  1.238e-06  2.952e-06 -3.345e-07]
 [ 9.143e-05 -6.666e-07 -1.362e-03 -5.380e-07  1.518e-07  8.143e-04  1.819e-06  7.261e-04 -2.097e-03 -1.054e-06 -8.277e-05 -1.110e-07  1.238e-06  8.631e-04  1.912e-07  1.789e-05]
 [ 1.910e-05 -9.117e-03  8.556e-07 -2.031e-05 -2.385e-02 -1.728e-05  3.691e-05 -1.110e-07 -8.318e-07 -1.138e-05  7.402e-07  3.811e-04  2.952e-06  1.912e-07  7.158e-04 -5.635e-07]
 [-1.516e-02  2.079e-05 -4.493e-05 -3.345e-07  2.079e-05 -1.756e-02 -1.743e-06  1.789e-05 -4.493e-05 -1.743e-06  1.704e-03 -5.635e-07 -3.345e-07  1.789e-05 -5.635e-07  6.742e-04]]
####################
NuclearRepulsion:
4.58620249464
####################
PrimalEnergy:
-6.2396427762564475
####################
DONE
=== END TEST ===
=== START TEST: Hydrogen_chain_H4_0.6111111111111112 ===
Time to initialize BPSDP  1e-05  seconds
CASCI E = -1.98260406896675  E(CI) = -5.73495156458130  S^2 = 0.0000000
D
Q
G
Printing System Info
Matrix Rank NumVar numConst
D2aa (6, 36, 17)
D2ab (16, 256, 34)
D2bb (6, 36, 53)
D1a (4, 16, 0)
D1b (4, 16, 16)
Q1a (4, 16, 16)
Q1b (4, 16, 16)
Q2aa (6, 36, 36)
Q2ab (16, 256, 256)
Q2bb (6, 36, 36)
G2big (32, 1024, 1024)
G2ab (16, 256, 257)
G2ba (16, 256, 257)

 Total Variables =  2256
 Total Constraints =  2018
Time to make SDP is  0.008484125137329102  seconds
Time for A dot AT  0.174138  seconds
Time for Computing Preconditioner  4.44528  seconds

 Maximum iteratations 100000 completed.

Time for BPSDP test is  2054.281  seconds
####################
K2:
[[-1.013e+00 -2.080e-16 -2.961e-02  7.947e-18 -1.595e-16  1.515e-01 -5.551e-17  5.159e-02 -2.961e-02 -6.939e-17  1.074e-01  1.665e-16  1.363e-16  5.159e-02 -2.984e-16  9.226e-02]
 [-1.804e-16 -9.160e-01 -3.871e-17  4.400e-02  1.515e-01  1.250e-16  1.090e-01 -4.441e-16 -5.464e-17  6.932e-02 -1.735e-16 -9.106e-02  5.159e-02 -2.280e-16 -2.985e-02 -1.027e-15]
 [-2.961e-02 -1.240e-16 -6.874e-01  8.551e-16 -6.245e-17  1.090e-01 -2.913e-16 -1.394e-01  1.074e-01 -1.665e-16  3.459e-02  5.551e-16 -2.949e-16 -2.985e-02  1.113e-15 -5.279e-02]
 [ 9.171e-17  4.400e-02  5.805e-16 -2.240e-01  5.159e-02 -3.920e-16 -1.394e-01 -4.023e-16  1.527e-16 -9.106e-02  5.065e-16 -4.842e-02  9.226e-02 -1.041e-15 -5.279e-02 -6.304e-16]
 [-1.388e-16  1.515e-01 -5.551e-17  5.159e-02 -9.160e-01  1.805e-16  6.932e-02 -1.031e-16 -2.483e-17  1.090e-01 -6.245e-17 -2.985e-02  4.400e-02 -2.498e-16 -9.106e-02  4.996e-16]
 [ 1.515e-01  2.082e-16  1.090e-01 -1.110e-16  1.804e-16 -7.235e-01  2.388e-16 -3.642e-02  1.090e-01  3.221e-16  1.416e-01 -5.274e-16 -2.481e-16 -3.642e-02 -3.244e-16  9.979e-02]
 [-4.163e-17  1.090e-01 -4.718e-16 -1.394e-01  6.932e-02  2.785e-16 -5.254e-01  8.551e-16 -6.245e-17  1.416e-01  1.278e-16 -1.038e-01 -9.106e-02 -3.331e-16 -2.859e-02  8.327e-17]
 [ 5.159e-02 -1.249e-16 -1.394e-01 -1.249e-16  2.579e-17 -3.642e-02  4.418e-16 -1.290e-01 -2.985e-02 -5.274e-16 -1.038e-01 -1.357e-15  5.447e-16  9.979e-02  1.527e-16  7.200e-02]
 [-2.961e-02 -8.327e-17  1.074e-01  2.776e-17 -4.419e-17  1.090e-01 -1.735e-16 -2.985e-02 -6.874e-01 -3.191e-16  3.459e-02 -1.031e-16  8.829e-16 -1.394e-01  2.567e-16 -5.279e-02]
 [-6.852e-17  6.932e-02 -1.700e-16 -9.106e-02  1.090e-01  1.952e-16  1.416e-01 -1.943e-16 -2.914e-16 -5.254e-01 -2.330e-16 -2.859e-02 -1.394e-01  5.359e-16 -1.038e-01  0.000e+00]
 [ 1.074e-01 -1.665e-16  3.459e-02  6.939e-16 -1.943e-16  1.416e-01 -3.183e-16 -1.038e-01  3.459e-02 -3.113e-16 -2.888e-01 -2.551e-16  2.706e-16 -1.038e-01 -1.163e-16  1.549e-01]
 [ 4.857e-17 -9.106e-02  6.592e-16 -4.842e-02 -2.985e-02 -2.012e-16 -1.038e-01 -1.692e-15 -2.136e-16 -2.859e-02 -1.966e-16  1.142e-01 -5.279e-02  2.082e-17  1.549e-01 -3.780e-15]
 [-1.931e-17  5.159e-02 -1.180e-16  9.226e-02  4.400e-02 -2.359e-16 -9.106e-02  1.665e-16  6.222e-16 -1.394e-01  6.870e-16 -5.279e-02 -2.240e-01 -3.191e-16 -4.842e-02 -4.361e-16]
 [ 5.159e-02 -6.788e-17 -2.985e-02 -8.327e-17 -2.272e-16 -3.642e-02 -5.725e-17  9.979e-02 -1.394e-01  8.165e-16 -1.038e-01  7.216e-16 -2.637e-16 -1.290e-01  1.833e-16  7.200e-02]
 [-1.093e-16 -2.985e-02  3.484e-16 -5.279e-02 -9.106e-02 -5.551e-17 -2.859e-02 -7.216e-16  7.043e-16 -1.038e-01 -1.689e-16  1.549e-01 -4.842e-02  2.091e-16  1.142e-01  5.851e-15]
 [ 9.226e-02 -6.939e-17 -5.279e-02  1.008e-15  2.220e-16  9.979e-02 -7.494e-16  7.200e-02 -5.279e-02  7.008e-16  1.549e-01  1.524e-15 -3.801e-16  7.200e-02  5.577e-15  6.384e-01]]
####################
D2ab:
[[ 9.950e-01  4.003e-08 -5.237e-05 -7.174e-08  4.003e-08  4.127e-03  2.055e-07 -1.720e-04 -5.237e-05  2.055e-07 -3.921e-02  3.434e-06 -7.174e-08 -1.720e-04  3.434e-06 -2.186e-02]
 [ 4.003e-08  9.862e-01  5.013e-07 -1.464e-03  8.306e-04 -5.608e-07  6.445e-05 -5.974e-07 -7.348e-07 -2.674e-05 -9.929e-07  3.325e-02 -5.134e-05 -2.811e-07  1.513e-02  1.015e-06]
 [-5.237e-05  5.013e-07  1.076e-02  3.653e-07 -7.348e-07 -3.967e-05 -6.307e-08  3.737e-03  1.223e-03 -2.554e-07 -1.589e-05 -3.747e-07 -6.275e-08  2.062e-03  3.454e-07 -1.012e-04]
 [-7.174e-08 -1.464e-03  3.653e-07  8.628e-04 -5.134e-05  6.940e-08  7.724e-04 -2.788e-08 -6.275e-08 -1.159e-03 -1.728e-07  2.834e-06 -6.309e-04  2.227e-07 -4.153e-05  1.585e-07]
 [ 4.003e-08  8.306e-04 -7.348e-07 -5.134e-05  9.862e-01 -5.608e-07 -2.674e-05 -2.811e-07  5.013e-07  6.445e-05 -9.929e-07  1.513e-02 -1.464e-03 -5.974e-07  3.325e-02  1.015e-06]
 [ 4.127e-03 -5.608e-07 -3.967e-05  6.940e-08 -5.608e-07  9.869e-01 -6.308e-08 -1.437e-03 -3.967e-05 -6.308e-08 -9.680e-02 -2.077e-06  6.940e-08 -1.437e-03 -2.077e-06 -2.370e-02]
 [ 2.055e-07  6.445e-05 -6.307e-08  7.724e-04 -2.674e-05 -6.308e-08  1.796e-03 -3.329e-07 -2.554e-07 -7.061e-04 -3.431e-07  4.277e-05 -1.159e-03  1.464e-07 -2.981e-05  3.158e-07]
 [-1.720e-04 -5.974e-07  3.737e-03 -2.788e-08 -2.811e-07 -1.437e-03 -3.329e-07  1.615e-03  2.062e-03  1.464e-07  1.668e-04  1.564e-07  2.227e-07  1.200e-03 -1.941e-07 -3.538e-05]
 [-5.237e-05 -7.348e-07  1.223e-03 -6.275e-08  5.013e-07 -3.967e-05 -2.554e-07  2.062e-03  1.076e-02 -6.307e-08 -1.589e-05  3.454e-07  3.653e-07  3.737e-03 -3.747e-07 -1.012e-04]
 [ 2.055e-07 -2.674e-05 -2.554e-07 -1.159e-03  6.445e-05 -6.308e-08 -7.061e-04  1.464e-07 -6.307e-08  1.796e-03 -3.431e-07 -2.981e-05  7.724e-04 -3.329e-07  4.277e-05  3.158e-07]
 [-3.921e-02 -9.929e-07 -1.589e-05 -1.728e-07 -9.929e-07 -9.680e-02 -3.431e-07  1.668e-04 -1.589e-05 -3.431e-07  1.134e-02 -1.422e-07 -1.728e-07  1.668e-04 -1.422e-07  2.914e-03]
 [ 3.434e-06  3.325e-02 -3.747e-07  2.834e-06  1.513e-02 -2.077e-06  4.277e-05  1.564e-07  3.454e-07 -2.981e-05 -1.422e-07  1.543e-03 -4.153e-05 -1.941e-07  8.447e-04  1.702e-07]
 [-7.174e-08 -5.134e-05 -6.275e-08 -6.309e-04 -1.464e-03  6.940e-08 -1.159e-03  2.227e-07  3.653e-07  7.724e-04 -1.728e-07 -4.153e-05  8.628e-04 -2.788e-08  2.834e-06  1.585e-07]
 [-1.720e-04 -2.811e-07  2.062e-03  2.227e-07 -5.974e-07 -1.437e-03  1.464e-07  1.200e-03  3.737e-03 -3.329e-07  1.668e-04 -1.941e-07 -2.788e-08  1.615e-03  1.564e-07 -3.538e-05]
 [ 3.434e-06  1.513e-02  3.454e-07 -4.153e-05  3.325e-02 -2.077e-06 -2.981e-05 -1.941e-07 -3.747e-07  4.277e-05 -1.422e-07  8.447e-04  2.834e-06  1.564e-07  1.543e-03  1.702e-07]
 [-2.186e-02  1.015e-06 -1.012e-04  1.585e-07  1.015e-06 -2.370e-02  3.158e-07 -3.538e-05 -1.012e-04  3.158e-07  2.914e-03  1.702e-07  1.585e-07 -3.538e-05  1.702e-07  1.251e-03]]
####################
NuclearRepulsion:
3.7523474956145457
####################
PrimalEnergy:
-5.735397282968758
####################
DONE
=== END TEST ===
=== START TEST: Hydrogen_chain_H4_0.7222222222222222 ===
Time to initialize BPSDP  0.0  seconds
CASCI E = -2.12617640401328  E(CI) = -5.30123966953328  S^2 = 0.0000000
D
Q
G
Printing System Info
Matrix Rank NumVar numConst
D2aa (6, 36, 17)
D2ab (16, 256, 34)
D2bb (6, 36, 53)
D1a (4, 16, 0)
D1b (4, 16, 16)
Q1a (4, 16, 16)
Q1b (4, 16, 16)
Q2aa (6, 36, 36)
Q2ab (16, 256, 256)
Q2bb (6, 36, 36)
G2big (32, 1024, 1024)
G2ab (16, 256, 257)
G2ba (16, 256, 257)

 Total Variables =  2256
 Total Constraints =  2018
Time to make SDP is  0.008366107940673828  seconds
Time for A dot AT  0.173144  seconds
Time for Computing Preconditioner  4.542791  seconds

 Convergence Achieved. Finishing.

Time for BPSDP test is  26.08  seconds
####################
K2:
[[-9.112e-01 -4.358e-16 -2.891e-02 -5.238e-16 -4.150e-16  1.545e-01  9.021e-17  4.897e-02 -2.891e-02  6.939e-17  1.070e-01 -5.551e-17 -4.405e-16  4.897e-02  9.368e-17  9.285e-02]
 [-3.604e-16 -8.404e-01 -3.389e-16  4.302e-02  1.545e-01  2.165e-16  1.063e-01  8.327e-17  7.633e-17  6.760e-02  1.388e-17 -9.254e-02  4.897e-02 -2.948e-16 -3.665e-02 -2.776e-17]
 [-2.891e-02 -1.435e-16 -6.587e-01  3.883e-16  6.245e-17  1.063e-01 -5.190e-16 -1.432e-01  1.070e-01  2.776e-17  3.878e-02  5.551e-16  9.194e-17 -3.665e-02 -4.006e-16 -4.748e-02]
 [-2.750e-16  4.302e-02  3.304e-16 -3.168e-01  4.897e-02  6.939e-17 -1.432e-01 -1.027e-16 -4.857e-17 -9.254e-02  5.551e-16 -3.952e-02  9.285e-02 -3.469e-17 -4.748e-02 -1.176e-15]
 [-3.326e-16  1.545e-01  1.388e-17  4.897e-02 -8.404e-01  1.193e-16  6.760e-02 -2.463e-16 -1.516e-16  1.063e-01 -3.469e-17 -3.665e-02  4.302e-02 -6.939e-18 -9.254e-02  5.551e-17]
 [ 1.545e-01  2.641e-16  1.063e-01  0.000e+00  3.058e-16 -6.797e-01  2.162e-16 -3.707e-02  1.063e-01  2.856e-16  1.394e-01 -1.943e-16 -6.939e-18 -3.707e-02 -3.469e-17  1.007e-01]
 [ 1.041e-17  1.063e-01 -2.077e-16 -1.432e-01  6.760e-02  3.144e-16 -5.239e-01  5.526e-17 -4.163e-17  1.394e-01 -2.140e-16 -1.036e-01 -9.254e-02 -2.776e-17 -3.319e-02  4.163e-17]
 [ 4.897e-02  6.939e-18 -1.432e-01  5.278e-16 -9.455e-17 -3.707e-02  8.057e-17 -2.446e-01 -3.665e-02 -1.735e-16 -1.036e-01 -2.002e-16  5.551e-17  1.007e-01  9.021e-17  6.127e-02]
 [-2.891e-02  8.327e-17  1.070e-01  8.327e-17 -1.054e-16  1.063e-01 -5.551e-17 -3.665e-02 -6.587e-01 -4.913e-16  3.878e-02 -7.972e-17  4.993e-16 -1.432e-01 -3.469e-17 -4.748e-02]
 [ 7.806e-17  6.760e-02 -5.551e-17 -9.254e-02  1.063e-01  2.312e-16  1.394e-01 -2.776e-16 -3.326e-16 -5.239e-01 -2.002e-16 -3.319e-02 -1.432e-01 -2.533e-19 -1.036e-01  1.110e-16]
 [ 1.070e-01 -5.551e-17  3.878e-02  2.498e-16 -7.633e-17  1.394e-01  9.134e-18 -1.036e-01  3.878e-02 -6.719e-17 -3.334e-01 -6.664e-16 -3.816e-17 -1.036e-01  7.075e-16  1.568e-01]
 [ 6.939e-17 -9.254e-02  2.637e-16 -3.952e-02 -3.665e-02 -2.984e-16 -1.036e-01  3.838e-16 -1.292e-16 -3.319e-02 -8.076e-16 -5.296e-02 -4.748e-02  1.353e-16  1.568e-01  1.138e-15]
 [-3.027e-16  4.897e-02  1.145e-16  9.285e-02  4.302e-02 -3.469e-17 -9.254e-02  1.665e-16  4.414e-16 -1.432e-01 -6.939e-18 -4.748e-02 -3.168e-01  2.304e-16 -3.952e-02  1.423e-16]
 [ 4.897e-02 -7.374e-17 -3.665e-02  8.327e-17 -2.776e-17 -3.707e-02 -1.353e-16  1.007e-01 -1.432e-01  2.506e-17 -1.036e-01  3.608e-16  2.780e-16 -2.446e-01  1.607e-16  6.127e-02]
 [ 1.145e-16 -3.665e-02 -2.090e-16 -4.748e-02 -9.254e-02 -1.388e-16 -3.319e-02 -4.302e-16 -2.082e-17 -1.036e-01  6.496e-16  1.568e-01 -3.952e-02  1.895e-16 -5.296e-02 -9.995e-16]
 [ 9.285e-02  5.551e-17 -4.748e-02 -2.264e-16  1.735e-16  1.007e-01 -4.233e-16  6.127e-02 -4.748e-02  3.886e-16  1.568e-01  1.829e-15  3.148e-16  6.127e-02 -8.631e-16  3.321e-01]]
####################
D2ab:
[[ 9.920e-01  1.145e-06 -3.339e-05  1.264e-06  1.145e-06  6.056e-03  2.562e-06 -2.547e-04 -3.339e-05  2.562e-06 -4.609e-02  3.995e-05  1.264e-06 -2.547e-04  3.995e-05 -3.246e-02]
 [ 1.145e-06  9.787e-01  7.100e-06 -2.276e-03  1.600e-03 -7.479e-06  1.312e-04 -1.325e-05 -1.220e-05 -4.994e-05 -9.882e-07  4.375e-02 -9.123e-05 -6.462e-08  2.251e-02  4.767e-06]
 [-3.339e-05  7.100e-06  1.640e-02  3.307e-06 -1.220e-05 -4.752e-05 -1.582e-06  6.123e-03  1.900e-03 -1.873e-06 -9.831e-05 -6.863e-06 -1.870e-08  3.009e-03  2.027e-06 -2.115e-04]
 [ 1.264e-06 -2.276e-03  3.307e-06  1.247e-03 -9.123e-05 -1.027e-06  1.380e-03  2.755e-07 -1.870e-08 -1.666e-03 -2.734e-06 -8.063e-06 -1.078e-03  1.801e-06 -8.163e-05  1.874e-06]
 [ 1.145e-06  1.600e-03 -1.220e-05 -9.123e-05  9.787e-01 -7.479e-06 -4.994e-05 -6.462e-08  7.100e-06  1.312e-04 -9.882e-07  2.251e-02 -2.276e-03 -1.325e-05  4.375e-02  4.767e-06]
 [ 6.056e-03 -7.479e-06 -4.752e-05 -1.027e-06 -7.479e-06  9.793e-01  2.909e-07 -2.136e-03 -4.752e-05  2.909e-07 -1.184e-01 -1.270e-05 -1.027e-06 -2.136e-03 -1.270e-05 -3.141e-02]
 [ 2.562e-06  1.312e-04 -1.582e-06  1.380e-03 -4.994e-05  2.909e-07  2.601e-03 -2.776e-06 -1.873e-06 -1.401e-03 -6.105e-06  9.000e-05 -1.666e-03  7.449e-07 -3.934e-05  7.059e-06]
 [-2.547e-04 -1.325e-05  6.123e-03  2.755e-07 -6.462e-08 -2.136e-03 -2.776e-06  2.733e-03  3.009e-03  7.449e-07  3.045e-04  2.411e-06  1.801e-06  1.856e-03 -5.173e-06 -1.071e-04]
 [-3.339e-05 -1.220e-05  1.900e-03 -1.870e-08  7.100e-06 -4.752e-05 -1.873e-06  3.009e-03  1.640e-02 -1.582e-06 -9.831e-05  2.027e-06  3.307e-06  6.123e-03 -6.863e-06 -2.115e-04]
 [ 2.562e-06 -4.994e-05 -1.873e-06 -1.666e-03  1.312e-04  2.909e-07 -1.401e-03  7.449e-07 -1.582e-06  2.601e-03 -6.105e-06 -3.934e-05  1.380e-03 -2.776e-06  9.000e-05  7.059e-06]
 [-4.609e-02 -9.882e-07 -9.831e-05 -2.734e-06 -9.882e-07 -1.184e-01 -6.105e-06  3.045e-04 -9.831e-05 -6.105e-06  1.705e-02 -3.952e-06 -2.734e-06  3.045e-04 -3.952e-06  4.691e-03]
 [ 3.995e-05  4.375e-02 -6.863e-06 -8.063e-06  2.251e-02 -1.270e-05  9.000e-05  2.411e-06  2.027e-06 -3.934e-05 -3.952e-06  2.861e-03 -8.163e-05 -5.173e-06  1.688e-03  2.603e-06]
 [ 1.264e-06 -9.123e-05 -1.870e-08 -1.078e-03 -2.276e-03 -1.027e-06 -1.666e-03  1.801e-06  3.307e-06  1.380e-03 -2.734e-06 -8.163e-05  1.247e-03  2.755e-07 -8.063e-06  1.874e-06]
 [-2.547e-04 -6.462e-08  3.009e-03  1.801e-06 -1.325e-05 -2.136e-03  7.449e-07  1.856e-03  6.123e-03 -2.776e-06  3.045e-04 -5.173e-06  2.755e-07  2.733e-03  2.411e-06 -1.071e-04]
 [ 3.995e-05  2.251e-02  2.027e-06 -8.163e-05  4.375e-02 -1.270e-05 -3.934e-05 -5.173e-06 -6.863e-06  9.000e-05 -3.952e-06  1.688e-03 -8.063e-06  2.411e-06  2.861e-03  2.603e-06]
 [-3.246e-02  4.767e-06 -2.115e-04  1.874e-06  4.767e-06 -3.141e-02  7.059e-06 -1.071e-04 -2.115e-04  7.059e-06  4.691e-03  2.603e-06  1.874e-06 -1.071e-04  2.603e-06  2.569e-03]]
####################
NuclearRepulsion:
3.1750632655200004
####################
PrimalEnergy:
-5.302110279529366
####################
DONE
=== END TEST ===
=== START TEST: Hydrogen_chain_H4_0.8333333333333333 ===
Time to initialize BPSDP  0.0  seconds
CASCI E = -2.17582953265238  E(CI) = -4.92755102943638  S^2 = 0.0000000
D
Q
G
Printing System Info
Matrix Rank NumVar numConst
D2aa (6, 36, 17)
D2ab (16, 256, 34)
D2bb (6, 36, 53)
D1a (4, 16, 0)
D1b (4, 16, 16)
Q1a (4, 16, 16)
Q1b (4, 16, 16)
Q2aa (6, 36, 36)
Q2ab (16, 256, 256)
Q2bb (6, 36, 36)
G2big (32, 1024, 1024)
G2ab (16, 256, 257)
G2ba (16, 256, 257)

 Total Variables =  2256
 Total Constraints =  2018
Time to make SDP is  0.00861215591430664  seconds
Time for A dot AT  0.172846  seconds
Time for Computing Preconditioner  4.52394  seconds

 Convergence Achieved. Finishing.

Time for BPSDP test is  30.908  seconds
####################
K2:
[[-8.274e-01 -4.395e-16 -2.852e-02 -6.466e-16 -3.979e-16  1.563e-01  2.776e-17  4.641e-02 -2.852e-02  2.082e-17  1.071e-01  2.220e-16 -5.217e-16  4.641e-02  2.671e-16  9.418e-02]
 [-4.143e-16 -7.752e-01 -8.099e-18  4.211e-02  1.563e-01  2.405e-16  1.031e-01 -1.388e-17  1.908e-17  6.581e-02 -4.163e-17 -9.458e-02  4.641e-02 -1.158e-16 -4.331e-02 -6.939e-17]
 [-2.852e-02 -7.065e-17 -6.275e-01  3.997e-16  2.429e-17  1.031e-01 -3.705e-17 -1.465e-01  1.071e-01 -2.776e-17  4.229e-02 -1.388e-17  2.706e-16 -4.331e-02 -3.413e-16 -4.407e-02]
 [-5.780e-16  4.211e-02  4.844e-16 -3.628e-01  4.641e-02 -2.082e-17 -1.465e-01  1.156e-16  2.082e-16 -9.458e-02 -1.388e-17 -3.525e-02  9.418e-02 -8.327e-17 -4.407e-02 -4.801e-16]
 [-3.865e-16  1.563e-01  1.388e-17  4.641e-02 -7.752e-01  1.711e-16  6.581e-02  7.506e-17 -1.226e-16  1.031e-01 -2.082e-17 -4.331e-02  4.211e-02 -3.469e-17 -9.458e-02 -8.327e-17]
 [ 1.563e-01  2.518e-16  1.031e-01 -1.665e-16  2.518e-16 -6.377e-01  2.417e-16 -3.781e-02  1.031e-01  2.833e-16  1.379e-01 -1.110e-16 -3.643e-17 -3.781e-02 -9.368e-17  1.019e-01]
 [ 3.123e-17  1.031e-01  2.031e-18 -1.465e-01  6.581e-02  3.110e-16 -5.117e-01 -2.664e-16 -1.388e-17  1.379e-01 -8.099e-18 -1.024e-01 -9.458e-02 -6.939e-17 -3.670e-02  5.551e-17]
 [ 4.641e-02 -1.284e-16 -1.465e-01 -1.090e-16 -8.532e-17 -3.781e-02 -2.927e-16 -3.082e-01 -4.331e-02 -1.110e-16 -1.024e-01 -1.261e-16 -9.714e-17  1.019e-01  2.776e-17  5.522e-02]
 [-2.852e-02  2.776e-17  1.071e-01  2.220e-16 -1.331e-16  1.031e-01 -2.082e-17 -4.331e-02 -6.275e-01 -1.619e-16  4.229e-02 -4.245e-16  3.997e-16 -1.465e-01 -8.327e-17 -4.407e-02]
 [ 3.036e-17  6.581e-02 -1.388e-17 -9.458e-02  1.031e-01  2.624e-16  1.379e-01 -1.665e-16 -1.090e-16 -5.117e-01  7.517e-17 -3.670e-02 -1.465e-01 -2.942e-16 -1.024e-01 -1.110e-16]
 [ 1.071e-01 -1.388e-17  4.229e-02 -4.163e-17  0.000e+00  1.379e-01  9.588e-17 -1.024e-01  4.229e-02  5.425e-17 -3.546e-01  6.664e-17 -1.006e-16 -1.024e-01  2.054e-16  1.590e-01]
 [ 2.290e-16 -9.458e-02  6.939e-18 -3.525e-02 -4.331e-02 -1.804e-16 -1.024e-01  4.731e-17 -2.935e-16 -3.670e-02  4.032e-17 -1.528e-01 -4.407e-02 -9.714e-17  1.590e-01 -4.885e-16]
 [-4.288e-16  4.641e-02  2.238e-16  9.418e-02  4.211e-02 -4.857e-17 -9.458e-02 -8.327e-17  3.248e-16 -1.465e-01 -6.245e-17 -4.407e-02 -3.628e-01 -1.619e-16 -3.525e-02 -5.911e-16]
 [ 4.641e-02 -6.797e-17 -4.331e-02 -9.714e-17 -4.684e-17 -3.781e-02 -1.561e-16  1.019e-01 -1.465e-01 -3.205e-16 -1.024e-01 -1.249e-16 -1.090e-16 -3.082e-01 -8.099e-18  5.522e-02]
 [ 2.255e-16 -4.331e-02 -1.859e-16 -4.407e-02 -9.458e-02 -1.527e-16 -3.670e-02  1.527e-16 -4.163e-17 -1.024e-01  1.652e-16  1.590e-01 -3.525e-02 -4.290e-17 -1.528e-01  6.664e-17]
 [ 9.418e-02 -9.714e-17 -4.407e-02 -4.045e-16 -9.021e-17  1.019e-01  1.110e-16  5.522e-02 -4.407e-02 -1.006e-16  1.590e-01 -9.846e-17 -3.351e-16  5.522e-02 -4.295e-17  1.449e-01]]
####################
D2ab:
[[ 9.872e-01  5.375e-07 -2.091e-05  1.773e-06  5.375e-07  8.647e-03  2.879e-06 -4.187e-04 -2.091e-05  2.879e-06 -5.332e-02  4.334e-05  1.773e-06 -4.187e-04  4.334e-05 -4.485e-02]
 [ 5.375e-07  9.685e-01  9.112e-06 -3.108e-03  2.858e-03 -1.028e-05  2.304e-04 -1.695e-05 -1.688e-05 -8.676e-05 -8.740e-07  5.574e-02 -1.761e-04 -1.222e-06  3.127e-02  6.003e-06]
 [-2.091e-05  9.112e-06  2.394e-02  6.307e-06 -1.688e-05 -7.065e-05 -1.498e-06  9.619e-03  2.767e-03 -3.114e-06 -2.121e-04 -1.052e-05 -1.492e-06  4.174e-03  2.102e-06 -3.800e-04]
 [ 1.773e-06 -3.108e-03  6.307e-06  1.945e-03 -1.761e-04 -1.711e-06  2.263e-03 -5.852e-07 -1.492e-06 -2.329e-03 -3.220e-06  2.410e-06 -1.803e-03  3.776e-06 -1.410e-04  2.186e-06]
 [ 5.375e-07  2.858e-03 -1.688e-05 -1.761e-04  9.685e-01 -1.028e-05 -8.676e-05 -1.222e-06  9.112e-06  2.304e-04 -8.740e-07  3.127e-02 -3.108e-03 -1.695e-05  5.574e-02  6.003e-06]
 [ 8.647e-03 -1.028e-05 -7.065e-05 -1.711e-06 -1.028e-05  9.690e-01  2.171e-07 -2.810e-03 -7.065e-05  2.171e-07 -1.423e-01 -1.217e-05 -1.711e-06 -2.810e-03 -1.217e-05 -3.958e-02]
 [ 2.879e-06  2.304e-04 -1.498e-06  2.263e-03 -8.676e-05  2.171e-07  3.458e-03 -5.415e-06 -3.114e-06 -2.190e-03 -8.718e-06  1.884e-04 -2.329e-03  3.695e-06  5.220e-06  8.401e-06]
 [-4.187e-04 -1.695e-05  9.619e-03 -5.852e-07 -1.222e-06 -2.810e-03 -5.415e-06  4.505e-03  4.174e-03  3.695e-06  4.943e-04  3.464e-06  3.776e-06  2.695e-03 -8.357e-06 -2.184e-04]
 [-2.091e-05 -1.688e-05  2.767e-03 -1.492e-06  9.112e-06 -7.065e-05 -3.114e-06  4.174e-03  2.394e-02 -1.498e-06 -2.121e-04  2.102e-06  6.307e-06  9.619e-03 -1.052e-05 -3.800e-04]
 [ 2.879e-06 -8.676e-05 -3.114e-06 -2.329e-03  2.304e-04  2.171e-07 -2.190e-03  3.695e-06 -1.498e-06  3.458e-03 -8.718e-06  5.220e-06  2.263e-03 -5.415e-06  1.884e-04  8.401e-06]
 [-5.332e-02 -8.740e-07 -2.121e-04 -3.220e-06 -8.740e-07 -1.423e-01 -8.718e-06  4.943e-04 -2.121e-04 -8.718e-06  2.470e-02 -7.620e-06 -3.220e-06  4.943e-04 -7.620e-06  7.242e-03]
 [ 4.334e-05  5.574e-02 -1.052e-05  2.410e-06  3.127e-02 -1.217e-05  1.884e-04  3.464e-06  2.102e-06  5.220e-06 -7.620e-06  5.032e-03 -1.410e-04 -8.357e-06  3.001e-03  4.617e-06]
 [ 1.773e-06 -1.761e-04 -1.492e-06 -1.803e-03 -3.108e-03 -1.711e-06 -2.329e-03  3.776e-06  6.307e-06  2.263e-03 -3.220e-06 -1.410e-04  1.945e-03 -5.852e-07  2.410e-06  2.186e-06]
 [-4.187e-04 -1.222e-06  4.174e-03  3.776e-06 -1.695e-05 -2.810e-03  3.695e-06  2.695e-03  9.619e-03 -5.415e-06  4.943e-04 -8.357e-06 -5.852e-07  4.505e-03  3.464e-06 -2.184e-04]
 [ 4.334e-05  3.127e-02  2.102e-06 -1.410e-04  5.574e-02 -1.217e-05  5.220e-06 -8.357e-06 -1.052e-05  1.884e-04 -7.620e-06  3.001e-03  2.410e-06  3.464e-06  5.032e-03  4.617e-06]
 [-4.485e-02  6.003e-06 -3.800e-04  2.186e-06  6.003e-06 -3.958e-02  8.401e-06 -2.184e-04 -3.800e-04  8.401e-06  7.242e-03  4.617e-06  2.186e-06 -2.184e-04  4.617e-06  4.431e-03]]
####################
NuclearRepulsion:
2.7517214967840005
####################
PrimalEnergy:
-4.92882164073818
####################
DONE
=== END TEST ===
=== START TEST: Hydrogen_chain_H4_0.9444444444444444 ===
Time to initialize BPSDP  0.0  seconds
CASCI E = -2.17655133324159  E(CI) = -4.60454088922747  S^2 = 0.0000000
D
Q
G
Printing System Info
Matrix Rank NumVar numConst
D2aa (6, 36, 17)
D2ab (16, 256, 34)
D2bb (6, 36, 53)
D1a (4, 16, 0)
D1b (4, 16, 16)
Q1a (4, 16, 16)
Q1b (4, 16, 16)
Q2aa (6, 36, 36)
Q2ab (16, 256, 256)
Q2bb (6, 36, 36)
G2big (32, 1024, 1024)
G2ab (16, 256, 257)
G2ba (16, 256, 257)

 Total Variables =  2256
 Total Constraints =  2018
Time to make SDP is  0.008410215377807617  seconds
Time for A dot AT  0.173125  seconds
Time for Computing Preconditioner  4.529406  seconds

 Convergence Achieved. Finishing.

Time for BPSDP test is  31.886  seconds
####################
K2:
[[-7.571e-01 -1.251e-16 -2.832e-02  1.222e-16 -8.348e-17  1.572e-01 -1.804e-16 -4.411e-02 -2.832e-02 -2.082e-16  1.075e-01 -9.714e-17  5.978e-17 -4.411e-02 -9.021e-17  9.600e-02]
 [-1.419e-16 -7.184e-01 -2.427e-16 -4.139e-02  1.572e-01  1.663e-16  9.971e-02 -2.498e-16 -2.116e-16  6.401e-02  2.082e-16  9.710e-02 -4.411e-02 -2.559e-16  4.979e-02 -2.220e-16]
 [-2.832e-02 -1.569e-16 -5.962e-01 -1.849e-16 -1.735e-16  9.971e-02  5.549e-16  1.493e-01  1.075e-01  2.220e-16  4.523e-02 -2.498e-16 -9.368e-17  4.979e-02 -3.912e-16 -4.183e-02]
 [ 5.502e-17 -4.139e-02 -1.473e-16 -3.850e-01 -4.411e-02 -2.533e-16  1.493e-01 -3.610e-16 -9.021e-17  9.710e-02 -2.567e-16 -3.320e-02  9.600e-02 -2.151e-16 -4.183e-02 -1.692e-16]
 [-1.280e-16  1.572e-01 -1.804e-16 -4.411e-02 -7.184e-01  2.080e-16  6.401e-02 -1.553e-16 -2.046e-16  9.971e-02  2.359e-16  4.979e-02 -4.139e-02 -2.567e-16  9.710e-02 -3.747e-16]
 [ 1.572e-01  1.079e-16  9.971e-02 -2.082e-16  1.634e-16 -5.986e-01  1.736e-16  3.866e-02  9.971e-02  2.014e-16  1.373e-01 -5.551e-17 -2.585e-16  3.866e-02 -3.469e-17  1.036e-01]
 [-1.839e-16  9.971e-02  4.826e-16  1.493e-01  6.401e-02  2.040e-16 -4.941e-01  1.482e-16  2.359e-16  1.373e-01  4.234e-16  1.005e-01  9.710e-02 -3.469e-17  3.932e-02 -2.290e-16]
 [-4.411e-02 -2.151e-16  1.493e-01 -5.860e-16 -1.670e-16  3.866e-02  4.697e-17 -3.438e-01  4.979e-02 -5.551e-17  1.005e-01 -4.856e-16 -3.678e-16  1.036e-01 -2.290e-16 -5.166e-02]
 [-2.832e-02 -1.804e-16  1.075e-01 -1.110e-16 -2.124e-16  9.971e-02  2.567e-16  4.979e-02 -5.962e-01  5.965e-16  4.523e-02 -4.884e-16 -1.224e-16  1.493e-01 -2.845e-16 -4.183e-02]
 [-1.735e-16  6.401e-02  2.498e-16  9.710e-02  9.971e-02  2.040e-16  1.373e-01 -2.082e-17  5.797e-16 -4.941e-01  3.956e-16  3.932e-02  1.493e-01  7.882e-17  1.005e-01 -3.331e-16]
 [ 1.075e-01  2.498e-16  4.523e-02 -1.943e-16  2.498e-16  1.373e-01  4.260e-16  1.005e-01  4.523e-02  3.844e-16 -3.623e-01  6.478e-16 -2.776e-16  1.005e-01  7.311e-16  1.614e-01]
 [-1.110e-16  9.710e-02 -2.012e-16 -3.320e-02  4.979e-02 -2.776e-17  1.005e-01 -5.246e-16 -4.307e-16  3.932e-02  6.576e-16 -2.150e-01 -4.183e-02 -3.192e-16  1.614e-01 -1.832e-17]
 [ 5.155e-17 -4.411e-02 -9.021e-17  9.600e-02 -4.139e-02 -2.637e-16  9.710e-02 -3.053e-16 -1.196e-16  1.493e-01 -2.429e-16 -4.183e-02 -3.850e-01 -2.916e-16 -3.320e-02 -9.981e-17]
 [-4.411e-02 -2.329e-16  4.979e-02 -2.914e-16 -2.654e-16  3.866e-02  6.939e-18  1.036e-01  1.493e-01  1.025e-16  1.005e-01 -2.914e-16 -3.362e-16 -3.438e-01 -5.619e-16 -5.166e-02]
 [-9.368e-17  4.979e-02 -3.578e-16 -4.183e-02  9.710e-02  1.388e-17  3.932e-02 -2.290e-16 -2.359e-16  1.005e-01  6.992e-16  1.614e-01 -3.320e-02 -5.732e-16 -2.150e-01 -2.404e-16]
 [ 9.600e-02 -2.845e-16 -4.183e-02  6.890e-17 -3.123e-16  1.036e-01 -2.151e-16 -5.166e-02 -4.183e-02 -3.400e-16  1.614e-01 -6.406e-17 -1.531e-16 -5.166e-02 -2.583e-16  2.267e-02]]
####################
D2ab:
[[ 9.803e-01 -3.181e-06 -4.557e-06  1.607e-06 -3.181e-06  1.215e-02 -7.255e-06  5.874e-04 -4.557e-06 -7.255e-06 -6.082e-02  1.718e-04  1.607e-06  5.874e-04  1.718e-04 -5.972e-02]
 [-3.181e-06  9.545e-01 -3.448e-05  3.934e-03  4.748e-03  4.284e-05  3.387e-04 -1.183e-06  1.347e-05 -1.732e-04 -7.083e-05 -6.935e-02  2.924e-04  2.725e-06 -4.107e-02  6.965e-05]
 [-4.557e-06 -3.448e-05  3.398e-02  9.850e-06  1.347e-05 -6.649e-05 -1.846e-05 -1.460e-02  3.985e-03  2.875e-05 -3.300e-04 -2.544e-05 -2.033e-05 -5.811e-03  1.110e-05 -6.098e-04]
 [ 1.607e-06  3.934e-03  9.850e-06  3.006e-03  2.924e-04  7.127e-06 -3.508e-03  2.229e-05 -2.033e-05  3.252e-03 -4.544e-07  8.666e-06 -2.805e-03 -2.290e-05 -2.110e-04 -1.114e-06]
 [-3.181e-06  4.748e-03  1.347e-05  2.924e-04  9.545e-01  4.284e-05 -1.732e-04  2.725e-06 -3.448e-05  3.387e-04 -7.083e-05 -4.107e-02  3.934e-03 -1.183e-06 -6.935e-02  6.965e-05]
 [ 1.215e-02  4.284e-05 -6.649e-05  7.127e-06  4.284e-05  9.547e-01 -2.092e-05  3.433e-03 -6.649e-05 -2.092e-05 -1.682e-01 -5.346e-05  7.127e-06  3.433e-03 -5.346e-05 -4.916e-02]
 [-7.255e-06  3.387e-04 -1.846e-05 -3.508e-03 -1.732e-04 -2.092e-05  4.621e-03 -2.821e-05  2.875e-05 -3.272e-03  2.194e-05 -3.366e-04  3.252e-03  3.130e-05 -7.129e-05 -1.258e-05]
 [ 5.874e-04 -1.183e-06 -1.460e-02  2.229e-05  2.725e-06  3.433e-03 -2.821e-05  7.212e-03 -5.811e-03  3.130e-05 -7.133e-04 -6.807e-06 -2.290e-05  3.869e-03  5.856e-06  3.396e-04]
 [-4.557e-06  1.347e-05  3.985e-03 -2.033e-05 -3.448e-05 -6.649e-05  2.875e-05 -5.811e-03  3.398e-02 -1.846e-05 -3.300e-04  1.110e-05  9.850e-06 -1.460e-02 -2.544e-05 -6.098e-04]
 [-7.255e-06 -1.732e-04  2.875e-05  3.252e-03  3.387e-04 -2.092e-05 -3.272e-03  3.130e-05 -1.846e-05  4.621e-03  2.194e-05 -7.129e-05 -3.508e-03 -2.821e-05 -3.366e-04 -1.258e-05]
 [-6.082e-02 -7.083e-05 -3.300e-04 -4.544e-07 -7.083e-05 -1.682e-01  2.194e-05 -7.133e-04 -3.300e-04  2.194e-05  3.475e-02  8.060e-06 -4.544e-07 -7.133e-04  8.060e-06  1.084e-02]
 [ 1.718e-04 -6.935e-02 -2.544e-05  8.666e-06 -4.107e-02 -5.346e-05 -3.366e-04 -6.807e-06  1.110e-05 -7.129e-05  8.060e-06  8.208e-03 -2.110e-04  5.856e-06  4.949e-03 -1.724e-05]
 [ 1.607e-06  2.924e-04 -2.033e-05 -2.805e-03  3.934e-03  7.127e-06  3.252e-03 -2.290e-05  9.850e-06 -3.508e-03 -4.544e-07 -2.110e-04  3.006e-03  2.229e-05  8.666e-06 -1.114e-06]
 [ 5.874e-04  2.725e-06 -5.811e-03 -2.290e-05 -1.183e-06  3.433e-03  3.130e-05  3.869e-03 -1.460e-02 -2.821e-05 -7.133e-04  5.856e-06  2.229e-05  7.212e-03 -6.807e-06  3.396e-04]
 [ 1.718e-04 -4.107e-02  1.110e-05 -2.110e-04 -6.935e-02 -5.346e-05 -7.129e-05  5.856e-06 -2.544e-05 -3.366e-04  8.060e-06  4.949e-03  8.666e-06 -6.807e-06  8.208e-03 -1.724e-05]
 [-5.972e-02  6.965e-05 -6.098e-04 -1.114e-06  6.965e-05 -4.916e-02 -1.258e-05  3.396e-04 -6.098e-04 -1.258e-05  1.084e-02 -1.724e-05 -1.114e-06  3.396e-04 -1.724e-05  7.266e-03]]
####################
NuclearRepulsion:
2.427989555985883
####################
PrimalEnergy:
-4.606309528132033
####################
DONE
=== END TEST ===
=== START TEST: Hydrogen_chain_H4_1.0555555555555556 ===
Time to initialize BPSDP  0.0  seconds
CASCI E = -2.15183007055378  E(CI) = -4.32424177854115  S^2 = 0.0000000
D
Q
G
Printing System Info
Matrix Rank NumVar numConst
D2aa (6, 36, 17)
D2ab (16, 256, 34)
D2bb (6, 36, 53)
D1a (4, 16, 0)
D1b (4, 16, 16)
Q1a (4, 16, 16)
Q1b (4, 16, 16)
Q2aa (6, 36, 36)
Q2ab (16, 256, 256)
Q2bb (6, 36, 36)
G2big (32, 1024, 1024)
G2ab (16, 256, 257)
G2ba (16, 256, 257)

 Total Variables =  2256
 Total Constraints =  2018
Time to make SDP is  0.008598089218139648  seconds
Time for A dot AT  0.174009  seconds
Time for Computing Preconditioner  4.550493  seconds

 Convergence Achieved. Finishing.

Time for BPSDP test is  32.988  seconds
####################
K2:
[[-6.974e-01 -1.656e-16 -2.819e-02  3.233e-17 -2.211e-16  1.575e-01  0.000e+00  4.213e-02 -2.819e-02 -4.163e-17  1.082e-01  1.388e-17  1.845e-17  4.213e-02  5.204e-17  9.824e-02]
 [-1.543e-16 -6.685e-01 -2.247e-16  4.083e-02  1.575e-01  8.417e-17  9.629e-02 -6.939e-17 -4.337e-17  6.224e-02  6.939e-18 -1.000e-01  4.213e-02  1.017e-16 -5.610e-02 -6.939e-17]
 [-2.819e-02 -1.406e-16 -5.662e-01  1.499e-16 -1.735e-17  9.629e-02 -9.624e-17 -1.518e-01  1.082e-01  1.388e-17  4.752e-02  1.249e-16  5.551e-17 -5.610e-02  1.885e-16 -4.021e-02]
 [-2.407e-17  4.083e-02  9.916e-17 -3.944e-01  4.213e-02 -6.592e-17 -1.518e-01 -1.379e-16  6.939e-18 -1.000e-01  1.180e-16 -3.212e-02  9.824e-02 -6.245e-17 -4.021e-02  1.017e-16]
 [-1.959e-16  1.575e-01 -1.388e-17  4.213e-02 -6.685e-01  1.119e-16  6.224e-02  1.156e-16 -1.657e-16  9.629e-02  4.163e-17 -5.610e-02  4.083e-02 -6.245e-17 -1.000e-01 -1.388e-17]
 [ 1.575e-01  1.233e-16  9.629e-02 -4.163e-17  9.553e-17 -5.625e-01  1.223e-16 -3.952e-02  9.629e-02  9.454e-17  1.374e-01 -1.874e-16 -6.592e-17 -3.952e-02 -1.457e-16  1.058e-01]
 [-6.939e-18  9.629e-02 -2.937e-17 -1.518e-01  6.224e-02  1.162e-16 -4.744e-01 -1.276e-16  5.551e-17  1.374e-01 -8.587e-17 -9.817e-02 -1.000e-01 -1.388e-16 -4.120e-02  8.327e-17]
 [ 4.213e-02 -6.939e-17 -1.518e-01 -5.712e-17  1.756e-17 -3.952e-02 -2.062e-16 -3.632e-01 -5.610e-02 -1.804e-16 -9.817e-02 -2.177e-16  2.082e-17  1.058e-01  4.857e-17  4.931e-02]
 [-2.819e-02 -1.388e-17  1.082e-01  1.388e-17 -1.406e-16  9.629e-02  2.776e-17 -5.610e-02 -5.662e-01  9.023e-19  4.752e-02  1.711e-16  1.777e-16 -1.518e-01  9.021e-17 -4.021e-02]
 [-1.735e-17  6.224e-02  2.776e-17 -1.000e-01  9.629e-02  1.231e-16  1.374e-01 -1.318e-16 -4.324e-17 -4.744e-01 -1.275e-16 -4.120e-02 -1.518e-01 -9.988e-17 -9.817e-02 -4.163e-17]
 [ 1.082e-01  2.776e-17  4.752e-02  8.327e-17  2.776e-17  1.374e-01 -5.729e-17 -9.817e-02  4.752e-02 -1.128e-16 -3.627e-01 -1.661e-17  8.327e-17 -9.817e-02 -4.437e-17  1.635e-01]
 [ 2.082e-17 -1.000e-01  6.939e-17 -3.212e-02 -5.610e-02 -1.318e-16 -9.817e-02 -1.822e-16  9.389e-17 -4.120e-02 -1.187e-17 -2.551e-01 -4.021e-02 -4.857e-17  1.635e-01 -3.219e-16]
 [-8.999e-17  4.213e-02  3.816e-17  9.824e-02  4.083e-02 -6.245e-17 -1.000e-01 -4.163e-17  1.477e-16 -1.518e-01  9.714e-17 -4.021e-02 -3.944e-01 -5.461e-17 -3.212e-02  8.784e-17]
 [ 4.213e-02 -1.713e-17 -5.610e-02 -2.082e-17 -6.592e-17 -3.952e-02 -9.714e-17  1.058e-01 -1.518e-01 -1.368e-16 -9.817e-02 -2.776e-17 -1.265e-16 -3.632e-01 -1.830e-16  4.931e-02]
 [ 3.123e-17 -5.610e-02  4.185e-17 -4.021e-02 -1.000e-01 -9.714e-17 -4.120e-02  3.469e-17  8.327e-17 -9.817e-02 -3.962e-17  1.635e-01 -3.212e-02 -1.406e-16 -2.551e-01  1.499e-16]
 [ 9.824e-02 -2.082e-17 -4.021e-02  5.920e-17 -4.163e-17  1.058e-01  5.551e-17  4.931e-02 -4.021e-02 -5.898e-17  1.635e-01 -3.033e-16  3.684e-18  4.931e-02  7.140e-17 -6.170e-02]]
####################
D2ab:
[[ 9.700e-01  1.636e-08 -1.944e-04  4.170e-06  1.636e-08  1.689e-02  2.638e-06 -6.369e-04 -1.944e-04  2.638e-06 -6.880e-02  5.254e-05  4.170e-06 -6.369e-04  5.254e-05 -7.721e-02]
 [ 1.636e-08  9.355e-01  1.481e-05 -4.673e-03  7.560e-03 -1.281e-05  3.977e-04 -2.132e-05 -2.487e-05 -5.384e-04  7.196e-06  8.525e-02 -4.712e-04 -3.615e-06  5.159e-02  8.618e-06]
 [-1.944e-04  1.481e-05  4.737e-02  6.812e-06 -2.487e-05 -1.489e-05 -3.133e-06  2.171e-02  5.799e-03 -2.741e-06 -5.596e-04 -1.855e-05 -2.264e-06  8.274e-03 -4.755e-07 -1.028e-03]
 [ 4.170e-06 -4.673e-03  6.812e-06  4.560e-03 -4.712e-04 -3.063e-06  5.216e-03 -1.243e-06 -2.264e-06 -4.594e-03 -5.985e-06  9.829e-06 -4.166e-03  5.211e-06 -2.769e-04  4.134e-06]
 [ 1.636e-08  7.560e-03 -2.487e-05 -4.712e-04  9.355e-01 -1.281e-05 -5.384e-04 -3.615e-06  1.481e-05  3.977e-04  7.196e-06  5.159e-02 -4.673e-03 -2.132e-05  8.525e-02  8.618e-06]
 [ 1.689e-02 -1.281e-05 -1.489e-05 -3.063e-06 -1.281e-05  9.352e-01  6.444e-06 -3.896e-03 -1.489e-05  6.444e-06 -1.960e-01  5.877e-07 -3.063e-06 -3.896e-03  5.877e-07 -5.950e-02]
 [ 2.638e-06  3.977e-04 -3.133e-06  5.216e-03 -5.384e-04  6.444e-06  6.308e-03 -6.032e-06 -2.741e-06 -4.761e-03 -1.419e-05  5.366e-04 -4.594e-03  5.378e-06  1.424e-04  8.549e-06]
 [-6.369e-04 -2.132e-05  2.171e-02 -1.243e-06 -3.615e-06 -3.896e-03 -6.032e-06  1.141e-02  8.274e-03  5.378e-06  9.031e-04  4.016e-06  5.211e-06  5.650e-03 -1.683e-05 -5.982e-04]
 [-1.944e-04 -2.487e-05  5.799e-03 -2.264e-06  1.481e-05 -1.489e-05 -2.741e-06  8.274e-03  4.737e-02 -3.133e-06 -5.596e-04 -4.755e-07  6.812e-06  2.171e-02 -1.855e-05 -1.028e-03]
 [ 2.638e-06 -5.384e-04 -2.741e-06 -4.594e-03  3.977e-04  6.444e-06 -4.761e-03  5.378e-06 -3.133e-06  6.308e-03 -1.419e-05  1.424e-04  5.216e-03 -6.032e-06  5.366e-04  8.549e-06]
 [-6.880e-02  7.196e-06 -5.596e-04 -5.985e-06  7.196e-06 -1.960e-01 -1.419e-05  9.031e-04 -5.596e-04 -1.419e-05  4.778e-02 -1.288e-05 -5.985e-06  9.031e-04 -1.288e-05  1.575e-02]
 [ 5.254e-05  8.525e-02 -1.855e-05  9.829e-06  5.159e-02  5.877e-07  5.366e-04  4.016e-06 -4.755e-07  1.424e-04 -1.288e-05  1.274e-02 -2.769e-04 -1.683e-05  7.767e-03  4.617e-06]
 [ 4.170e-06 -4.712e-04 -2.264e-06 -4.166e-03 -4.673e-03 -3.063e-06 -4.594e-03  5.211e-06  6.812e-06  5.216e-03 -5.985e-06 -2.769e-04  4.560e-03 -1.243e-06  9.829e-06  4.134e-06]
 [-6.369e-04 -3.615e-06  8.274e-03  5.211e-06 -2.132e-05 -3.896e-03  5.378e-06  5.650e-03  2.171e-02 -6.032e-06  9.031e-04 -1.683e-05 -1.243e-06  1.141e-02  4.016e-06 -5.982e-04]
 [ 5.254e-05  5.159e-02 -4.755e-07 -2.769e-04  8.525e-02  5.877e-07  1.424e-04 -1.683e-05 -1.855e-05  5.366e-04 -1.288e-05  7.767e-03  9.829e-06  4.016e-06  1.274e-02  4.617e-06]
 [-7.721e-02  8.618e-06 -1.028e-03  4.134e-06  8.618e-06 -5.950e-02  8.549e-06 -5.982e-04 -1.028e-03  8.549e-06  1.575e-02  4.617e-06  4.134e-06 -5.982e-04  4.617e-06  1.131e-02]]
####################
NuclearRepulsion:
2.1724117079873686
####################
PrimalEnergy:
-4.326555090905708
####################
DONE
=== END TEST ===
