=== START TEST: Hydrogen_chain_H4_0.5 ===
Time to initialize BPSDP  2e-05  seconds
D
Q
G
Printing System Info
Matrix Rank NumVar numConst
D2aa (6, 36, 17)
D2ab (16, 256, 34)
D2bb (6, 36, 53)
D1a (4, 16, 0)
D1b (4, 16, 16)
Q1a (4, 16, 16)
Q1b (4, 16, 16)
Q2aa (6, 36, 36)
Q2ab (16, 256, 256)
Q2bb (6, 36, 36)
G2big (32, 1024, 1024)
G2ab (16, 256, 257)
G2ba (16, 256, 257)

 Total Variables =  2256
 Total Constraints =  2018
Time to make SDP is  0.010350942611694336  seconds
Time for A dot AT  0.195964  seconds
Time for Computing Preconditioner  4.832879  seconds

 Convergence Achieved. Finishing.

Time for BPSDP test is  28.784  seconds
########## RESULTS ##########
K2:
[[-1.139  0.    -0.031 -0.     0.     0.147 -0.    -0.054 -0.031 -0.     0.109 -0.    -0.    -0.054 -0.     0.093]
 [ 0.    -1.004 -0.    -0.045  0.147  0.     0.111 -0.    -0.     0.071  0.     0.09  -0.054 -0.     0.023  0.   ]
 [-0.031 -0.    -0.71   0.    -0.     0.111  0.     0.135  0.109  0.     0.028 -0.    -0.     0.023 -0.    -0.06 ]
 [-0.    -0.045  0.    -0.039 -0.054 -0.     0.135  0.    -0.     0.09  -0.    -0.065  0.093  0.    -0.06   0.   ]
 [ 0.     0.147 -0.    -0.054 -1.004 -0.     0.071 -0.    -0.     0.111  0.     0.023 -0.045 -0.     0.09  -0.   ]
 [ 0.147  0.     0.111 -0.     0.    -0.767  0.     0.036  0.111  0.     0.144 -0.    -0.     0.036  0.     0.099]
 [-0.     0.111  0.     0.135  0.071 -0.    -0.509  0.     0.     0.144  0.     0.103  0.09   0.     0.022 -0.   ]
 [-0.054 -0.     0.135 -0.    -0.     0.036  0.     0.087  0.023 -0.     0.103 -0.    -0.     0.099 -0.    -0.09 ]
 [-0.031 -0.     0.109  0.    -0.     0.111  0.     0.023 -0.71   0.     0.028 -0.     0.     0.135 -0.    -0.06 ]
 [-0.     0.071  0.     0.09   0.111 -0.     0.144  0.     0.    -0.509  0.     0.022  0.135  0.     0.103  0.   ]
 [ 0.109  0.     0.028 -0.     0.     0.144 -0.     0.103  0.028  0.    -0.207  0.    -0.     0.103  0.     0.153]
 [ 0.     0.09  -0.    -0.065  0.023  0.     0.103 -0.    -0.     0.022  0.     0.405 -0.06   0.     0.153 -0.   ]
 [-0.    -0.054  0.     0.093 -0.045 -0.     0.09  -0.     0.     0.135 -0.    -0.06  -0.039 -0.    -0.065  0.   ]
 [-0.054 -0.     0.023 -0.    -0.     0.036 -0.     0.099  0.135  0.     0.103  0.    -0.     0.087  0.    -0.09 ]
 [ 0.     0.023 -0.    -0.06   0.09  -0.     0.022 -0.    -0.     0.103  0.     0.153 -0.065  0.     0.405  0.   ]
 [ 0.093 -0.    -0.06   0.    -0.     0.099 -0.    -0.09  -0.06   0.     0.153 -0.     0.    -0.09   0.     1.168]]
####################
D2ab:
[[ 0.997 -0.    -0.    -0.    -0.     0.003 -0.     0.    -0.    -0.    -0.033  0.    -0.     0.     0.    -0.015]
 [-0.     0.991 -0.     0.001  0.     0.     0.     0.     0.    -0.    -0.    -0.024  0.    -0.    -0.009  0.   ]
 [-0.    -0.     0.007 -0.     0.    -0.    -0.    -0.002  0.001  0.     0.    -0.    -0.    -0.001  0.    -0.   ]
 [-0.     0.001 -0.     0.     0.     0.    -0.     0.    -0.     0.001 -0.     0.    -0.    -0.    -0.    -0.   ]
 [-0.     0.     0.     0.     0.991  0.    -0.    -0.    -0.     0.    -0.    -0.009  0.001  0.    -0.024  0.   ]
 [ 0.003  0.    -0.     0.     0.     0.992 -0.     0.001 -0.    -0.    -0.077 -0.     0.     0.001 -0.    -0.018]
 [-0.     0.    -0.    -0.    -0.    -0.     0.001 -0.     0.    -0.     0.    -0.     0.001  0.     0.    -0.   ]
 [ 0.     0.    -0.002  0.    -0.     0.001 -0.     0.001 -0.001  0.    -0.     0.    -0.     0.001 -0.     0.   ]
 [-0.     0.     0.001 -0.    -0.    -0.     0.    -0.001  0.007 -0.     0.     0.    -0.    -0.002 -0.    -0.   ]
 [-0.    -0.     0.     0.001  0.    -0.    -0.     0.    -0.     0.001  0.     0.    -0.    -0.    -0.    -0.   ]
 [-0.033 -0.     0.    -0.    -0.    -0.077  0.    -0.     0.     0.     0.007  0.    -0.    -0.     0.     0.002]
 [ 0.    -0.024 -0.     0.    -0.009 -0.    -0.     0.     0.     0.     0.     0.001 -0.    -0.     0.    -0.   ]
 [-0.     0.    -0.    -0.     0.001  0.     0.001 -0.    -0.    -0.    -0.    -0.     0.     0.     0.    -0.   ]
 [ 0.    -0.    -0.001 -0.     0.     0.001  0.     0.001 -0.002 -0.    -0.    -0.     0.     0.001  0.     0.   ]
 [ 0.    -0.009  0.    -0.    -0.024 -0.     0.    -0.    -0.    -0.     0.     0.     0.     0.     0.001 -0.   ]
 [-0.015  0.    -0.    -0.     0.    -0.018 -0.     0.    -0.    -0.     0.002 -0.    -0.     0.    -0.     0.001]]
####################
TraceD:
3.999
####################
D2ab_FCI:
[[ 0.997  0.    -0.004 -0.     0.     0.003  0.     0.    -0.004  0.    -0.032 -0.    -0.     0.     0.    -0.014]
 [ 0.     0.    -0.    -0.     0.991  0.    -0.004 -0.     0.     0.    -0.    -0.008  0.001  0.    -0.023  0.   ]
 [-0.004 -0.     0.001 -0.     0.    -0.    -0.    -0.001  0.007 -0.     0.     0.    -0.    -0.002 -0.     0.   ]
 [-0.    -0.    -0.    -0.     0.001  0.     0.001  0.    -0.    -0.     0.    -0.     0.001  0.    -0.     0.   ]
 [ 0.     0.991  0.     0.001  0.     0.     0.     0.    -0.    -0.004 -0.    -0.023 -0.    -0.    -0.008  0.   ]
 [ 0.003  0.    -0.     0.     0.     0.992  0.     0.001 -0.     0.    -0.079  0.     0.     0.001  0.    -0.014]
 [ 0.    -0.004 -0.     0.001  0.     0.    -0.     0.    -0.     0.001 -0.     0.    -0.     0.     0.    -0.   ]
 [ 0.    -0.    -0.001  0.     0.     0.001  0.     0.001 -0.002  0.    -0.     0.     0.     0.001  0.    -0.   ]
 [-0.004  0.     0.007 -0.    -0.    -0.    -0.    -0.002  0.001 -0.     0.    -0.    -0.    -0.001 -0.     0.   ]
 [ 0.     0.    -0.    -0.    -0.004  0.     0.001  0.    -0.    -0.    -0.     0.     0.001  0.     0.    -0.   ]
 [-0.032 -0.     0.     0.    -0.    -0.079 -0.    -0.     0.    -0.     0.007 -0.     0.    -0.    -0.     0.002]
 [ 0.    -0.008 -0.    -0.    -0.023  0.     0.     0.    -0.     0.    -0.     0.    -0.     0.     0.001 -0.   ]
 [-0.     0.001 -0.     0.001 -0.     0.    -0.     0.    -0.     0.001  0.    -0.    -0.     0.    -0.     0.   ]
 [ 0.     0.    -0.002  0.    -0.     0.001  0.     0.001 -0.001  0.    -0.     0.     0.     0.001  0.    -0.   ]
 [-0.    -0.023 -0.    -0.    -0.008  0.     0.     0.     0.     0.    -0.     0.001 -0.     0.     0.    -0.   ]
 [-0.014  0.     0.     0.     0.    -0.014 -0.    -0.     0.    -0.     0.002 -0.     0.    -0.    -0.     0.   ]]
####################
norm(D2-D2FCI):
1.9825445770524304
####################
NuclearRepulsion:
4.58620249464
####################
PrimalEnergy:
-6.2396427762564475
####################
DualEnergy:
-6.239641978533719
####################
DONE
=== END TEST ===
=== START TEST: Hydrogen_chain_H4_0.625 ===
Time to initialize BPSDP  1e-05  seconds
D
Q
G
Printing System Info
Matrix Rank NumVar numConst
D2aa (6, 36, 17)
D2ab (16, 256, 34)
D2bb (6, 36, 53)
D1a (4, 16, 0)
D1b (4, 16, 16)
Q1a (4, 16, 16)
Q1b (4, 16, 16)
Q2aa (6, 36, 36)
Q2ab (16, 256, 256)
Q2bb (6, 36, 36)
G2big (32, 1024, 1024)
G2ab (16, 256, 257)
G2ba (16, 256, 257)

 Total Variables =  2256
 Total Constraints =  2018
Time to make SDP is  0.008744001388549805  seconds
Time for A dot AT  0.176273  seconds
Time for Computing Preconditioner  4.740119  seconds

 Maximum iteratations 100000 completed.

Time for BPSDP test is  2234.908  seconds
########## RESULTS ##########
K2:
[[-0.999 -0.    -0.029 -0.    -0.     0.152  0.     0.051 -0.029  0.     0.107  0.    -0.     0.051 -0.     0.092]
 [-0.    -0.906  0.     0.044  0.152  0.     0.109 -0.     0.     0.069 -0.    -0.091  0.051 -0.    -0.031  0.   ]
 [-0.029 -0.    -0.684  0.    -0.     0.109 -0.    -0.14   0.107 -0.     0.035  0.    -0.    -0.031  0.    -0.052]
 [-0.     0.044  0.    -0.239  0.051 -0.    -0.14   0.     0.    -0.091  0.    -0.047  0.092  0.    -0.052  0.   ]
 [-0.     0.152  0.     0.051 -0.906  0.     0.069 -0.     0.     0.109 -0.    -0.031  0.044 -0.    -0.091  0.   ]
 [ 0.152  0.     0.109 -0.     0.    -0.718  0.    -0.036  0.109  0.     0.141 -0.    -0.    -0.036  0.     0.1  ]
 [ 0.     0.109 -0.    -0.14   0.069  0.    -0.526  0.    -0.     0.141 -0.    -0.104 -0.091 -0.    -0.029  0.   ]
 [ 0.051 -0.    -0.14   0.    -0.    -0.036  0.    -0.148 -0.031 -0.    -0.104  0.     0.     0.1    0.     0.07 ]
 [-0.029  0.     0.107  0.     0.     0.109 -0.    -0.031 -0.684 -0.     0.035 -0.     0.    -0.14   0.    -0.052]
 [ 0.     0.069 -0.    -0.091  0.109  0.     0.141 -0.    -0.    -0.526 -0.    -0.029 -0.14   0.    -0.104  0.   ]
 [ 0.107 -0.     0.035 -0.    -0.     0.141 -0.    -0.104  0.035 -0.    -0.296  0.     0.    -0.104 -0.     0.155]
 [ 0.    -0.091 -0.    -0.047 -0.031 -0.    -0.104  0.    -0.    -0.029  0.     0.088 -0.052  0.     0.155  0.   ]
 [-0.     0.051  0.     0.092  0.044 -0.    -0.091  0.     0.    -0.14  -0.    -0.052 -0.239  0.    -0.047  0.   ]
 [ 0.051 -0.    -0.031  0.    -0.    -0.036 -0.     0.1   -0.14   0.    -0.104  0.     0.    -0.148  0.     0.07 ]
 [ 0.    -0.031 -0.    -0.052 -0.091 -0.    -0.029  0.    -0.    -0.104 -0.     0.155 -0.047  0.     0.088 -0.   ]
 [ 0.092  0.    -0.052 -0.     0.     0.1    0.     0.07  -0.052  0.     0.155  0.     0.     0.07  -0.     0.591]]
####################
D2ab:
[[ 0.995  0.    -0.    -0.     0.     0.004  0.    -0.    -0.     0.    -0.04   0.    -0.    -0.     0.    -0.023]
 [ 0.     0.985  0.    -0.002  0.001 -0.     0.    -0.    -0.    -0.    -0.     0.034 -0.    -0.     0.016  0.   ]
 [-0.     0.     0.011  0.    -0.    -0.    -0.     0.004  0.001 -0.    -0.    -0.    -0.     0.002  0.    -0.   ]
 [-0.    -0.002  0.     0.001 -0.     0.     0.001 -0.    -0.    -0.001 -0.     0.    -0.001  0.    -0.     0.   ]
 [ 0.     0.001 -0.    -0.     0.985 -0.    -0.    -0.     0.     0.    -0.     0.016 -0.002 -0.     0.034  0.   ]
 [ 0.004 -0.    -0.     0.    -0.     0.986 -0.    -0.002 -0.    -0.    -0.099 -0.     0.    -0.002 -0.    -0.025]
 [ 0.     0.    -0.     0.001 -0.    -0.     0.002 -0.    -0.    -0.001 -0.     0.    -0.001  0.    -0.     0.   ]
 [-0.    -0.     0.004 -0.    -0.    -0.002 -0.     0.002  0.002  0.     0.     0.     0.     0.001 -0.    -0.   ]
 [-0.    -0.     0.001 -0.     0.    -0.    -0.     0.002  0.011 -0.    -0.     0.     0.     0.004 -0.    -0.   ]
 [ 0.    -0.    -0.    -0.001  0.    -0.    -0.001  0.    -0.     0.002 -0.    -0.     0.001 -0.     0.     0.   ]
 [-0.04  -0.    -0.    -0.    -0.    -0.099 -0.     0.    -0.    -0.     0.012 -0.    -0.     0.    -0.     0.003]
 [ 0.     0.034 -0.     0.     0.016 -0.     0.     0.     0.    -0.    -0.     0.002 -0.    -0.     0.001  0.   ]
 [-0.    -0.    -0.    -0.001 -0.002  0.    -0.001  0.     0.     0.001 -0.    -0.     0.001 -0.     0.     0.   ]
 [-0.    -0.     0.002  0.    -0.    -0.002  0.     0.001  0.004 -0.     0.    -0.    -0.     0.002  0.    -0.   ]
 [ 0.     0.016  0.    -0.     0.034 -0.    -0.    -0.    -0.     0.    -0.     0.001  0.     0.     0.002  0.   ]
 [-0.023  0.    -0.     0.     0.    -0.025  0.    -0.    -0.     0.     0.003  0.     0.    -0.     0.     0.001]]
####################
TraceD:
3.9999999999999996
####################
D2ab_FCI:
[[ 0.994  0.    -0.005  0.     0.     0.005 -0.    -0.    -0.005 -0.    -0.04  -0.     0.    -0.     0.    -0.021]
 [ 0.     0.001 -0.     0.     0.985  0.    -0.005  0.    -0.     0.     0.     0.015 -0.002  0.     0.034 -0.   ]
 [-0.005 -0.     0.001 -0.    -0.    -0.001  0.     0.002  0.012  0.     0.    -0.    -0.     0.004 -0.     0.   ]
 [ 0.     0.    -0.    -0.001 -0.002  0.    -0.001 -0.    -0.     0.001 -0.    -0.     0.001 -0.    -0.    -0.   ]
 [ 0.     0.985 -0.    -0.002  0.001  0.     0.     0.    -0.    -0.005  0.     0.034  0.     0.     0.015  0.   ]
 [ 0.005  0.    -0.001  0.     0.     0.986 -0.    -0.002 -0.001 -0.    -0.102  0.     0.    -0.002  0.    -0.02 ]
 [-0.    -0.005  0.    -0.001  0.    -0.    -0.001  0.     0.     0.002  0.    -0.     0.001  0.    -0.     0.   ]
 [-0.     0.     0.002 -0.     0.    -0.002  0.     0.001  0.004  0.     0.     0.    -0.     0.002  0.     0.   ]
 [-0.005 -0.     0.012 -0.    -0.    -0.001  0.     0.004  0.001  0.     0.    -0.    -0.     0.002 -0.     0.   ]
 [-0.     0.     0.     0.001 -0.005 -0.     0.002  0.     0.    -0.001  0.    -0.    -0.001  0.    -0.     0.   ]
 [-0.04   0.     0.    -0.     0.    -0.102  0.     0.     0.     0.     0.012 -0.    -0.     0.    -0.     0.003]
 [ 0.     0.015 -0.    -0.     0.034  0.    -0.     0.    -0.    -0.    -0.     0.001 -0.     0.     0.001 -0.   ]
 [ 0.    -0.002 -0.     0.001  0.     0.     0.001 -0.    -0.    -0.001 -0.    -0.    -0.001 -0.    -0.    -0.   ]
 [-0.     0.     0.004 -0.     0.    -0.002  0.     0.002  0.002  0.     0.     0.    -0.     0.001  0.     0.   ]
 [-0.     0.034 -0.    -0.     0.015  0.    -0.     0.    -0.    -0.    -0.     0.001 -0.     0.     0.001 -0.   ]
 [-0.021  0.     0.    -0.    -0.    -0.02   0.     0.     0.     0.     0.003 -0.    -0.     0.    -0.     0.001]]
####################
norm(D2-D2FCI):
1.9689192466934746
####################
NuclearRepulsion:
3.668961995712
####################
PrimalEnergy:
-5.677578599542086
####################
DualEnergy:
-5.677569803309801
####################
DONE
=== END TEST ===
=== START TEST: Hydrogen_chain_H4_0.75 ===
Time to initialize BPSDP  1e-05  seconds
D
Q
G
Printing System Info
Matrix Rank NumVar numConst
D2aa (6, 36, 17)
D2ab (16, 256, 34)
D2bb (6, 36, 53)
D1a (4, 16, 0)
D1b (4, 16, 16)
Q1a (4, 16, 16)
Q1b (4, 16, 16)
Q2aa (6, 36, 36)
Q2ab (16, 256, 256)
Q2bb (6, 36, 36)
G2big (32, 1024, 1024)
G2ab (16, 256, 257)
G2ba (16, 256, 257)

 Total Variables =  2256
 Total Constraints =  2018
Time to make SDP is  0.008523702621459961  seconds
Time for A dot AT  0.203868  seconds
Time for Computing Preconditioner  4.901713  seconds

 Convergence Achieved. Finishing.

Time for BPSDP test is  31.48  seconds
########## RESULTS ##########
K2:
[[-0.889 -0.    -0.029  0.    -0.     0.155 -0.     0.048 -0.029 -0.     0.107 -0.    -0.     0.048  0.     0.093]
 [-0.    -0.823 -0.     0.043  0.155  0.     0.106 -0.    -0.     0.067 -0.    -0.093  0.048  0.    -0.038  0.   ]
 [-0.029 -0.    -0.651 -0.    -0.     0.106 -0.    -0.144  0.107 -0.     0.04   0.     0.    -0.038 -0.    -0.046]
 [ 0.     0.043 -0.    -0.331  0.048 -0.    -0.144 -0.    -0.    -0.093  0.    -0.038  0.093  0.    -0.046  0.   ]
 [-0.     0.155 -0.     0.048 -0.823  0.     0.067  0.     0.     0.106 -0.    -0.038  0.043 -0.    -0.093 -0.   ]
 [ 0.155  0.     0.106 -0.     0.    -0.669  0.    -0.037  0.106  0.     0.139 -0.    -0.    -0.037 -0.     0.101]
 [-0.     0.106 -0.    -0.144  0.067  0.    -0.522 -0.    -0.     0.139  0.    -0.103 -0.093 -0.    -0.034  0.   ]
 [ 0.048 -0.    -0.144 -0.     0.    -0.037 -0.    -0.264 -0.038 -0.    -0.103  0.    -0.     0.101  0.     0.059]
 [-0.029 -0.     0.107 -0.    -0.     0.106 -0.    -0.038 -0.651 -0.     0.04   0.    -0.    -0.144  0.    -0.046]
 [-0.     0.067 -0.    -0.093  0.106  0.     0.139 -0.    -0.    -0.522  0.    -0.034 -0.144 -0.    -0.103 -0.   ]
 [ 0.107 -0.     0.04   0.    -0.     0.139  0.    -0.103  0.04  -0.    -0.34  -0.    -0.    -0.103 -0.     0.157]
 [-0.    -0.093  0.    -0.038 -0.038 -0.    -0.103  0.     0.    -0.034 -0.    -0.083 -0.046 -0.     0.157 -0.   ]
 [ 0.     0.048  0.     0.093  0.043 -0.    -0.093  0.    -0.    -0.144  0.    -0.046 -0.331  0.    -0.038  0.   ]
 [ 0.048  0.    -0.038  0.    -0.    -0.037 -0.     0.101 -0.144 -0.    -0.103 -0.     0.    -0.264  0.     0.059]
 [ 0.    -0.038 -0.    -0.046 -0.093 -0.    -0.034  0.    -0.    -0.103 -0.     0.157 -0.038  0.    -0.083  0.   ]
 [ 0.093  0.    -0.046  0.     0.     0.101  0.     0.059 -0.046 -0.     0.157 -0.     0.     0.059  0.     0.277]]
####################
D2ab:
[[ 0.991  0.    -0.     0.     0.     0.007  0.    -0.    -0.     0.    -0.048  0.     0.    -0.     0.    -0.035]
 [ 0.     0.976  0.    -0.002  0.002 -0.     0.    -0.    -0.    -0.    -0.     0.047 -0.    -0.     0.025  0.   ]
 [-0.     0.     0.018  0.    -0.    -0.    -0.     0.007  0.002 -0.    -0.    -0.    -0.     0.003  0.    -0.   ]
 [ 0.    -0.002  0.     0.001 -0.    -0.     0.002  0.    -0.    -0.002 -0.    -0.    -0.001  0.    -0.     0.   ]
 [ 0.     0.002 -0.    -0.     0.976 -0.    -0.    -0.     0.     0.    -0.     0.025 -0.002 -0.     0.047  0.   ]
 [ 0.007 -0.    -0.    -0.    -0.     0.977  0.    -0.002 -0.     0.    -0.124 -0.    -0.    -0.002 -0.    -0.033]
 [ 0.     0.    -0.     0.002 -0.     0.     0.003 -0.    -0.    -0.002 -0.     0.    -0.002  0.    -0.     0.   ]
 [-0.    -0.     0.007  0.    -0.    -0.002 -0.     0.003  0.003  0.     0.     0.     0.     0.002 -0.    -0.   ]
 [-0.    -0.     0.002 -0.     0.    -0.    -0.     0.003  0.018 -0.    -0.     0.     0.     0.007 -0.    -0.   ]
 [ 0.    -0.    -0.    -0.002  0.     0.    -0.002  0.    -0.     0.003 -0.    -0.     0.002 -0.     0.     0.   ]
 [-0.048 -0.    -0.    -0.    -0.    -0.124 -0.     0.    -0.    -0.     0.019 -0.    -0.     0.    -0.     0.005]
 [ 0.     0.047 -0.    -0.     0.025 -0.     0.     0.     0.    -0.    -0.     0.003 -0.    -0.     0.002  0.   ]
 [ 0.    -0.    -0.    -0.001 -0.002 -0.    -0.002  0.     0.     0.002 -0.    -0.     0.001  0.    -0.     0.   ]
 [-0.    -0.     0.003  0.    -0.    -0.002  0.     0.002  0.007 -0.     0.    -0.     0.     0.003  0.    -0.   ]
 [ 0.     0.025  0.    -0.     0.047 -0.    -0.    -0.    -0.     0.    -0.     0.002 -0.     0.     0.003  0.   ]
 [-0.035  0.    -0.     0.     0.    -0.033  0.    -0.    -0.     0.     0.005  0.     0.    -0.     0.     0.003]]
####################
TraceD:
3.9979999999999998
####################
D2ab_FCI:
[[ 0.99   0.    -0.006 -0.     0.     0.007 -0.    -0.    -0.006 -0.    -0.048 -0.    -0.    -0.    -0.    -0.029]
 [ 0.     0.002  0.     0.     0.976  0.    -0.006 -0.    -0.     0.     0.     0.024 -0.003  0.     0.046  0.   ]
 [-0.006  0.     0.002  0.    -0.    -0.001  0.     0.004  0.019  0.     0.    -0.     0.     0.007 -0.     0.   ]
 [-0.     0.     0.    -0.001 -0.003 -0.    -0.002  0.     0.     0.002  0.    -0.     0.002  0.    -0.     0.   ]
 [ 0.     0.976 -0.    -0.003  0.002  0.     0.     0.     0.    -0.006  0.     0.046  0.    -0.     0.024  0.   ]
 [ 0.007  0.    -0.001 -0.     0.     0.976 -0.    -0.004 -0.001 -0.    -0.127 -0.    -0.    -0.004 -0.    -0.027]
 [-0.    -0.006  0.    -0.002  0.    -0.    -0.001  0.     0.     0.003  0.    -0.     0.002  0.    -0.     0.   ]
 [-0.    -0.     0.004  0.     0.    -0.004  0.     0.002  0.007  0.     0.    -0.     0.     0.003 -0.     0.   ]
 [-0.006 -0.     0.019  0.     0.    -0.001  0.     0.007  0.002  0.     0.    -0.     0.     0.004 -0.     0.   ]
 [-0.     0.     0.     0.002 -0.006 -0.     0.003  0.     0.    -0.001  0.    -0.    -0.002  0.    -0.     0.   ]
 [-0.048  0.     0.     0.     0.    -0.127  0.     0.     0.     0.     0.019  0.     0.     0.     0.     0.005]
 [-0.     0.024 -0.    -0.     0.046 -0.    -0.    -0.    -0.    -0.     0.     0.002 -0.    -0.     0.003  0.   ]
 [-0.    -0.003  0.     0.002  0.    -0.     0.002  0.     0.    -0.002  0.    -0.    -0.001  0.    -0.     0.   ]
 [-0.     0.     0.007  0.    -0.    -0.004  0.     0.003  0.004  0.     0.    -0.     0.     0.002 -0.     0.   ]
 [-0.     0.046 -0.    -0.     0.024 -0.    -0.    -0.    -0.    -0.     0.     0.003 -0.    -0.     0.002  0.   ]
 [-0.029  0.     0.     0.     0.    -0.027  0.     0.     0.     0.     0.005  0.     0.     0.     0.     0.002]]
####################
norm(D2-D2FCI):
1.9494981405479717
####################
NuclearRepulsion:
3.05746832976
####################
PrimalEnergy:
-5.203536852242317
####################
DualEnergy:
-5.203537791313487
####################
DONE
=== END TEST ===
=== START TEST: Hydrogen_chain_H4_0.875 ===
Time to initialize BPSDP  0.0  seconds
D
Q
G
Printing System Info
Matrix Rank NumVar numConst
D2aa (6, 36, 17)
D2ab (16, 256, 34)
D2bb (6, 36, 53)
D1a (4, 16, 0)
D1b (4, 16, 16)
Q1a (4, 16, 16)
Q1b (4, 16, 16)
Q2aa (6, 36, 36)
Q2ab (16, 256, 256)
Q2bb (6, 36, 36)
G2big (32, 1024, 1024)
G2ab (16, 256, 257)
G2ba (16, 256, 257)

 Total Variables =  2256
 Total Constraints =  2018
Time to make SDP is  0.00863504409790039  seconds
Time for A dot AT  0.185442  seconds
Time for Computing Preconditioner  5.020738  seconds

 Convergence Achieved. Finishing.

Time for BPSDP test is  34.653  seconds
########## RESULTS ##########
K2:
[[-0.8   -0.    -0.028 -0.    -0.     0.157 -0.     0.046 -0.028 -0.     0.107  0.    -0.     0.046  0.     0.095]
 [-0.    -0.753 -0.     0.042  0.157  0.     0.102 -0.    -0.     0.065 -0.    -0.095  0.046  0.    -0.046  0.   ]
 [-0.028 -0.    -0.616  0.    -0.     0.102 -0.    -0.148  0.107 -0.     0.043 -0.     0.    -0.046 -0.    -0.043]
 [-0.     0.042 -0.    -0.373  0.046 -0.    -0.148  0.     0.    -0.095 -0.    -0.034  0.095  0.    -0.043  0.   ]
 [-0.     0.157 -0.     0.046 -0.753  0.     0.065  0.    -0.     0.102 -0.    -0.046  0.042  0.    -0.095  0.   ]
 [ 0.157  0.     0.102 -0.     0.    -0.623  0.    -0.038  0.102  0.     0.138 -0.     0.    -0.038 -0.     0.102]
 [-0.     0.102 -0.    -0.148  0.065  0.    -0.506 -0.    -0.     0.138  0.    -0.102 -0.095 -0.    -0.038  0.   ]
 [ 0.046 -0.    -0.148  0.     0.    -0.038 -0.    -0.324 -0.046 -0.    -0.102  0.     0.     0.102  0.     0.054]
 [-0.028 -0.     0.107  0.    -0.     0.102 -0.    -0.046 -0.616 -0.     0.043 -0.    -0.    -0.148 -0.    -0.043]
 [-0.     0.065 -0.    -0.095  0.102  0.     0.138 -0.    -0.    -0.506 -0.    -0.038 -0.148 -0.    -0.102  0.   ]
 [ 0.107 -0.     0.043 -0.    -0.     0.138 -0.    -0.102  0.043 -0.    -0.359  0.    -0.    -0.102  0.     0.16 ]
 [ 0.    -0.095 -0.    -0.034 -0.046 -0.    -0.102  0.    -0.    -0.038  0.    -0.179 -0.043  0.     0.16   0.   ]
 [-0.     0.046  0.     0.095  0.042 -0.    -0.095  0.    -0.    -0.148 -0.    -0.043 -0.373 -0.    -0.034 -0.   ]
 [ 0.046  0.    -0.046  0.    -0.    -0.038 -0.     0.102 -0.148 -0.    -0.102  0.    -0.    -0.324  0.     0.054]
 [ 0.    -0.046 -0.    -0.043 -0.095 -0.    -0.038  0.    -0.    -0.102 -0.     0.16  -0.034  0.    -0.179 -0.   ]
 [ 0.095  0.    -0.043  0.     0.     0.102  0.     0.054 -0.043  0.     0.16  -0.    -0.     0.054 -0.     0.093]]
####################
D2ab:
[[ 0.985  0.    -0.     0.     0.     0.01   0.    -0.    -0.     0.    -0.056  0.     0.    -0.     0.    -0.05 ]
 [ 0.     0.964  0.    -0.003  0.003 -0.     0.    -0.    -0.    -0.     0.     0.061 -0.    -0.     0.035  0.   ]
 [-0.     0.     0.027  0.    -0.    -0.    -0.     0.011  0.003 -0.    -0.    -0.    -0.     0.005  0.    -0.   ]
 [ 0.    -0.003  0.     0.002 -0.    -0.     0.003 -0.    -0.    -0.003 -0.     0.    -0.002  0.    -0.     0.   ]
 [ 0.     0.003 -0.    -0.     0.964 -0.    -0.    -0.     0.     0.     0.     0.035 -0.003 -0.     0.061  0.   ]
 [ 0.01  -0.    -0.    -0.    -0.     0.964  0.    -0.003 -0.     0.    -0.152 -0.    -0.    -0.003 -0.    -0.043]
 [ 0.     0.    -0.     0.003 -0.     0.     0.004 -0.    -0.    -0.003 -0.     0.    -0.003  0.     0.     0.   ]
 [-0.    -0.     0.011 -0.    -0.    -0.003 -0.     0.005  0.005  0.     0.001  0.     0.     0.003 -0.    -0.   ]
 [-0.    -0.     0.003 -0.     0.    -0.    -0.     0.005  0.027 -0.    -0.     0.     0.     0.011 -0.    -0.   ]
 [ 0.    -0.    -0.    -0.003  0.     0.    -0.003  0.    -0.     0.004 -0.     0.     0.003 -0.     0.     0.   ]
 [-0.056  0.    -0.    -0.     0.    -0.152 -0.     0.001 -0.    -0.     0.028 -0.    -0.     0.001 -0.     0.008]
 [ 0.     0.061 -0.     0.     0.035 -0.     0.     0.     0.     0.    -0.     0.006 -0.    -0.     0.004  0.   ]
 [ 0.    -0.    -0.    -0.002 -0.003 -0.    -0.003  0.     0.     0.003 -0.    -0.     0.002 -0.     0.     0.   ]
 [-0.    -0.     0.005  0.    -0.    -0.003  0.     0.003  0.011 -0.     0.001 -0.    -0.     0.005  0.    -0.   ]
 [ 0.     0.035  0.    -0.     0.061 -0.     0.    -0.    -0.     0.    -0.     0.004  0.     0.     0.006  0.   ]
 [-0.05   0.    -0.     0.     0.    -0.043  0.    -0.    -0.     0.     0.008  0.     0.    -0.     0.     0.005]]
####################
TraceD:
3.998
####################
D2ab_FCI:
[[ 0.984  0.    -0.006 -0.     0.     0.01   0.     0.    -0.006  0.    -0.056 -0.    -0.     0.    -0.    -0.04 ]
 [ 0.     0.004  0.     0.     0.963  0.    -0.006 -0.     0.     0.     0.     0.035 -0.004 -0.     0.061  0.   ]
 [-0.006  0.     0.003 -0.     0.    -0.001 -0.     0.005  0.029  0.     0.     0.     0.     0.012  0.    -0.   ]
 [-0.     0.    -0.    -0.002 -0.004 -0.    -0.002 -0.     0.     0.003  0.    -0.     0.003  0.    -0.     0.   ]
 [ 0.     0.963  0.    -0.004  0.004  0.     0.    -0.     0.    -0.006  0.     0.061  0.    -0.     0.035  0.   ]
 [ 0.01   0.    -0.001 -0.     0.     0.963  0.    -0.004 -0.001  0.    -0.154 -0.    -0.    -0.004  0.    -0.034]
 [ 0.    -0.006  0.    -0.002  0.     0.    -0.002  0.     0.     0.005 -0.    -0.     0.003  0.    -0.    -0.   ]
 [ 0.    -0.     0.005 -0.    -0.    -0.004  0.     0.003  0.012  0.     0.001 -0.     0.     0.006 -0.    -0.   ]
 [-0.006  0.     0.029  0.     0.    -0.001  0.     0.012  0.003  0.     0.     0.    -0.     0.005 -0.    -0.   ]
 [ 0.     0.     0.     0.003 -0.006  0.     0.005  0.    -0.    -0.002 -0.    -0.    -0.002  0.    -0.    -0.   ]
 [-0.056  0.     0.     0.     0.    -0.154 -0.     0.001  0.    -0.     0.028  0.     0.     0.001  0.     0.008]
 [-0.     0.035 -0.    -0.     0.061  0.    -0.    -0.     0.    -0.     0.     0.004 -0.    -0.     0.005  0.   ]
 [-0.    -0.004  0.     0.003  0.    -0.     0.003  0.    -0.    -0.002  0.    -0.    -0.002 -0.    -0.     0.   ]
 [ 0.    -0.     0.012  0.    -0.    -0.004  0.     0.006  0.005  0.     0.001 -0.    -0.     0.003 -0.    -0.   ]
 [-0.     0.061  0.    -0.     0.035 -0.    -0.    -0.     0.    -0.     0.     0.005 -0.    -0.     0.004  0.   ]
 [-0.04   0.    -0.     0.     0.    -0.034 -0.    -0.    -0.    -0.     0.008  0.     0.    -0.     0.     0.003]]
####################
norm(D2-D2FCI):
1.922494733412812
####################
NuclearRepulsion:
2.6206871397942857
####################
PrimalEnergy:
-4.802391012393342
####################
DualEnergy:
-4.802391725383648
####################
DONE
=== END TEST ===
=== START TEST: Hydrogen_chain_H4_1.0 ===
Time to initialize BPSDP  1e-05  seconds
D
Q
G
Printing System Info
Matrix Rank NumVar numConst
D2aa (6, 36, 17)
D2ab (16, 256, 34)
D2bb (6, 36, 53)
D1a (4, 16, 0)
D1b (4, 16, 16)
Q1a (4, 16, 16)
Q1b (4, 16, 16)
Q2aa (6, 36, 36)
Q2ab (16, 256, 256)
Q2bb (6, 36, 36)
G2big (32, 1024, 1024)
G2ab (16, 256, 257)
G2ba (16, 256, 257)

 Total Variables =  2256
 Total Constraints =  2018
Time to make SDP is  0.008662939071655273  seconds
Time for A dot AT  0.176978  seconds
Time for Computing Preconditioner  4.814494  seconds

 Convergence Achieved. Finishing.

Time for BPSDP test is  32.521  seconds
########## RESULTS ##########
K2:
[[-0.726 -0.    -0.028  0.    -0.     0.157 -0.    -0.043 -0.028 -0.     0.108 -0.     0.    -0.043 -0.     0.097]
 [-0.    -0.693 -0.    -0.041  0.157  0.     0.098 -0.    -0.     0.063  0.     0.099 -0.043 -0.     0.053 -0.   ]
 [-0.028 -0.    -0.581 -0.    -0.     0.098  0.     0.151  0.108  0.     0.046 -0.    -0.     0.053 -0.    -0.041]
 [ 0.    -0.041 -0.    -0.391 -0.043 -0.     0.151 -0.    -0.     0.099 -0.    -0.033  0.097 -0.    -0.041  0.   ]
 [-0.     0.157 -0.    -0.043 -0.693  0.     0.063 -0.    -0.     0.098  0.     0.053 -0.041 -0.     0.099 -0.   ]
 [ 0.157  0.     0.098 -0.     0.    -0.58   0.     0.039  0.098  0.     0.137  0.    -0.     0.039  0.     0.105]
 [-0.     0.098  0.     0.151  0.063  0.    -0.484  0.     0.     0.137  0.     0.099  0.099  0.     0.04  -0.   ]
 [-0.043 -0.     0.151 -0.    -0.     0.039  0.    -0.355  0.053  0.     0.099 -0.    -0.     0.105 -0.    -0.05 ]
 [-0.028 -0.     0.108 -0.    -0.     0.098  0.     0.053 -0.581  0.     0.046 -0.    -0.     0.151 -0.    -0.041]
 [-0.     0.063  0.     0.099  0.098  0.     0.137  0.     0.    -0.484  0.     0.04   0.151  0.     0.099 -0.   ]
 [ 0.108  0.     0.046 -0.     0.     0.137  0.     0.099  0.046  0.    -0.363  0.    -0.     0.099  0.     0.162]
 [-0.     0.099 -0.    -0.033  0.053  0.     0.099 -0.    -0.     0.04   0.    -0.237 -0.041 -0.     0.162 -0.   ]
 [ 0.    -0.043 -0.     0.097 -0.041 -0.     0.099 -0.    -0.     0.151 -0.    -0.041 -0.391 -0.    -0.033  0.   ]
 [-0.043 -0.     0.053 -0.    -0.     0.039  0.     0.105  0.151  0.     0.099 -0.    -0.    -0.355 -0.    -0.05 ]
 [-0.     0.053 -0.    -0.041  0.099  0.     0.04  -0.    -0.     0.099 -0.     0.162 -0.033 -0.    -0.237 -0.   ]
 [ 0.097 -0.    -0.041  0.    -0.     0.105 -0.    -0.05  -0.041 -0.     0.162 -0.     0.    -0.05  -0.    -0.023]]
####################
D2ab:
[[ 0.976 -0.    -0.     0.    -0.     0.014 -0.     0.001 -0.    -0.    -0.065  0.     0.     0.001  0.    -0.068]
 [-0.     0.946 -0.     0.004  0.006  0.     0.    -0.     0.    -0.    -0.    -0.077  0.    -0.    -0.046  0.   ]
 [-0.    -0.     0.04   0.     0.    -0.    -0.    -0.018  0.005  0.    -0.    -0.    -0.    -0.007  0.    -0.001]
 [ 0.     0.004  0.     0.004  0.     0.    -0.004  0.    -0.     0.004 -0.     0.    -0.003 -0.    -0.     0.   ]
 [-0.     0.006  0.     0.     0.946  0.    -0.    -0.    -0.     0.    -0.    -0.046  0.004 -0.    -0.077  0.   ]
 [ 0.014  0.    -0.     0.     0.     0.946 -0.     0.004 -0.    -0.    -0.182 -0.     0.     0.004 -0.    -0.054]
 [-0.     0.    -0.    -0.004 -0.    -0.     0.005 -0.     0.    -0.004  0.    -0.     0.004  0.    -0.    -0.   ]
 [ 0.001 -0.    -0.018  0.    -0.     0.004 -0.     0.009 -0.007  0.    -0.001 -0.    -0.     0.005  0.     0.   ]
 [-0.     0.     0.005 -0.    -0.    -0.     0.    -0.007  0.04  -0.    -0.     0.     0.    -0.018 -0.    -0.001]
 [-0.    -0.     0.     0.004  0.    -0.    -0.004  0.    -0.     0.005  0.    -0.    -0.004 -0.    -0.    -0.   ]
 [-0.065 -0.    -0.    -0.    -0.    -0.182  0.    -0.001 -0.     0.     0.041  0.    -0.    -0.001  0.     0.013]
 [ 0.    -0.077 -0.     0.    -0.046 -0.    -0.    -0.     0.    -0.     0.     0.01  -0.     0.     0.006 -0.   ]
 [ 0.     0.    -0.    -0.003  0.004  0.     0.004 -0.     0.    -0.004 -0.    -0.     0.004  0.     0.     0.   ]
 [ 0.001 -0.    -0.007 -0.    -0.     0.004  0.     0.005 -0.018 -0.    -0.001  0.     0.     0.009 -0.     0.   ]
 [ 0.    -0.046  0.    -0.    -0.077 -0.    -0.     0.    -0.    -0.     0.     0.006  0.    -0.     0.01  -0.   ]
 [-0.068  0.    -0.001  0.     0.    -0.054 -0.     0.    -0.001 -0.     0.013 -0.     0.     0.    -0.     0.009]]
####################
TraceD:
4.0
####################
D2ab_FCI:
[[ 0.973 -0.    -0.006 -0.     0.     0.014  0.    -0.    -0.006 -0.    -0.064  0.     0.    -0.     0.    -0.054]
 [ 0.     0.008 -0.    -0.     0.945  0.    -0.006 -0.     0.     0.     0.    -0.048  0.005 -0.    -0.078  0.   ]
 [-0.006 -0.     0.005  0.     0.    -0.001  0.    -0.007  0.042  0.     0.    -0.     0.    -0.019 -0.    -0.   ]
 [ 0.    -0.     0.    -0.003  0.005 -0.     0.003 -0.     0.    -0.005  0.    -0.     0.005 -0.    -0.    -0.   ]
 [-0.     0.945 -0.     0.005  0.008  0.     0.     0.    -0.    -0.006  0.    -0.078 -0.     0.    -0.048  0.   ]
 [ 0.014  0.    -0.001 -0.     0.     0.943 -0.     0.005 -0.001  0.    -0.183 -0.    -0.     0.005 -0.    -0.042]
 [-0.    -0.006  0.     0.003  0.     0.    -0.003  0.     0.     0.008 -0.     0.    -0.005 -0.     0.    -0.   ]
 [-0.     0.    -0.007 -0.    -0.     0.005 -0.     0.005 -0.019 -0.    -0.001  0.    -0.     0.01  -0.     0.   ]
 [-0.006 -0.     0.042  0.    -0.    -0.001  0.    -0.019  0.005  0.     0.     0.     0.    -0.007  0.    -0.   ]
 [ 0.     0.     0.    -0.005 -0.006 -0.     0.008 -0.     0.    -0.003  0.     0.     0.003 -0.     0.     0.   ]
 [-0.064  0.     0.     0.     0.    -0.183  0.    -0.001  0.    -0.     0.04  -0.     0.    -0.001  0.     0.011]
 [ 0.    -0.048  0.    -0.    -0.078 -0.     0.     0.    -0.     0.     0.     0.008 -0.    -0.     0.009 -0.   ]
 [-0.     0.005  0.     0.005 -0.    -0.    -0.005  0.     0.     0.003  0.    -0.    -0.003 -0.    -0.     0.   ]
 [-0.     0.    -0.019  0.    -0.     0.005 -0.     0.01  -0.007  0.    -0.001  0.    -0.     0.005  0.     0.   ]
 [ 0.    -0.078  0.    -0.    -0.048 -0.     0.     0.    -0.     0.    -0.     0.009 -0.     0.     0.008 -0.   ]
 [-0.054  0.    -0.     0.     0.    -0.042  0.     0.    -0.    -0.     0.011 -0.    -0.     0.    -0.     0.005]]
####################
norm(D2-D2FCI):
1.8813035374441838
####################
NuclearRepulsion:
2.29310124732
####################
PrimalEnergy:
-4.461530605414813
####################
DualEnergy:
-4.461531568377456
####################
DONE
=== END TEST ===
