=== START TEST: Hydrogen_chain_H4_0.25 ===
Time to initialize BPSDP  1e-05  seconds
CASCI E = 1.54890874610012  E(CI) = -7.62349624317988  S^2 = 0.0000000
D
Q
G
Printing System Info
Matrix Rank NumVar numConst
D2aa (6, 36, 17)
D2ab (16, 256, 34)
D2bb (6, 36, 53)
D1a (4, 16, 0)
D1b (4, 16, 16)
Q1a (4, 16, 16)
Q1b (4, 16, 16)
Q2aa (6, 36, 36)
Q2ab (16, 256, 256)
Q2bb (6, 36, 36)
G2big (32, 1024, 1024)
G2ab (16, 256, 257)
G2ba (16, 256, 257)

 Total Variables =  2256
 Total Constraints =  2018
Time to make SDP is  0.01055002212524414  seconds
Time for A dot AT  0.197397  seconds
Time for Computing Preconditioner  4.528099  seconds

 Convergence Achieved. Finishing.

Time for BPSDP test is  87.666  seconds
####################
K2:
[[-1.571e+00 -4.431e-17 -3.845e-02  1.439e-15 -1.050e-16  1.285e-01 -3.608e-16 -5.557e-02 -3.845e-02 -3.608e-16  1.300e-01  1.998e-15 -1.124e-15 -5.557e-02 -3.331e-15  9.691e-02]
 [ 4.812e-16 -1.246e+00 -5.158e-16 -4.625e-02  1.285e-01 -7.660e-16  1.119e-01  7.772e-16 -3.513e-16  7.519e-02 -2.724e-15  9.868e-02 -5.557e-02 -4.945e-15  5.723e-03 -1.743e-14]
 [-3.845e-02  6.399e-16 -6.203e-01  1.558e-14 -3.816e-16  1.119e-01 -1.307e-15  1.109e-01  1.300e-01 -2.859e-15 -2.201e-02 -2.598e-14 -3.343e-15  5.723e-03  1.520e-14 -6.874e-02]
 [-3.622e-15 -4.625e-02  1.803e-14  9.535e-01 -5.557e-02  6.106e-16  1.109e-01  7.778e-14  1.638e-15  9.868e-02 -2.678e-14 -1.229e-01  9.691e-02 -1.735e-14 -6.874e-02 -3.627e-13]
 [ 4.812e-16  1.285e-01 -1.776e-15 -5.557e-02 -1.246e+00 -5.994e-16  7.519e-02 -3.890e-15 -3.666e-16  1.119e-01  5.551e-15  5.723e-03 -4.625e-02  2.165e-15  9.868e-02 -5.107e-15]
 [ 1.285e-01 -2.751e-16  1.119e-01 -2.776e-15 -1.294e-16 -7.978e-01  9.275e-16  3.694e-02  1.119e-01  2.058e-16  1.460e-01  5.773e-15  2.179e-15  3.694e-02 -1.748e-14  1.083e-01]
 [-1.808e-15  1.119e-01  9.467e-15  1.109e-01  7.519e-02  9.938e-16 -2.445e-01  3.245e-14  5.589e-15  1.460e-01 -2.591e-14  9.232e-02  9.868e-02 -1.751e-14 -1.318e-02  2.187e-14]
 [-5.557e-02 -2.491e-15  1.109e-01 -4.605e-15 -8.645e-15  3.694e-02  2.823e-14  1.255e+00  5.723e-03  5.648e-15  9.232e-02  7.304e-14 -4.795e-15  1.083e-01  2.061e-14 -1.482e-01]
 [-3.845e-02 -6.661e-16  1.300e-01 -3.109e-15  1.368e-16  1.119e-01  5.315e-15  5.723e-03 -6.203e-01  8.439e-16 -2.201e-02 -4.778e-15  2.804e-14  1.109e-01  5.551e-16 -6.874e-02]
 [-6.627e-16  7.519e-02 -2.009e-15  9.868e-02  1.119e-01  2.048e-15  1.460e-01 -2.220e-14  9.600e-16 -2.445e-01  1.825e-14 -1.318e-02  1.109e-01  4.872e-14  9.232e-02  3.242e-14]
 [ 1.300e-01 -2.109e-15 -2.201e-02 -3.109e-15  5.315e-15  1.460e-01 -2.190e-14  9.232e-02 -2.201e-02  1.835e-14  4.103e-01  1.381e-13  5.404e-16  9.232e-02 -1.500e-13  1.301e-01]
 [-3.006e-15  9.868e-02 -3.733e-15 -1.229e-01  5.723e-03 -2.200e-14  9.232e-02  7.935e-14 -1.159e-14 -1.318e-02  1.362e-13  1.952e+00 -6.874e-02  3.245e-14  1.301e-01 -1.704e-12]
 [-6.084e-15 -5.557e-02  1.589e-15  9.691e-02 -4.625e-02  2.220e-15  9.868e-02 -7.550e-15  2.680e-14  1.109e-01 -3.207e-14 -6.874e-02  9.535e-01 -1.648e-14 -1.229e-01  1.284e-13]
 [-5.557e-02 -1.214e-14  5.723e-03 -1.843e-14  2.184e-15  3.694e-02 -2.413e-14  1.083e-01  1.109e-01  4.565e-14  9.232e-02  1.774e-13 -1.592e-14  1.255e+00 -6.535e-14 -1.482e-01]
 [ 1.605e-15  5.723e-03 -1.487e-14 -6.874e-02  9.868e-02 -2.427e-14 -1.318e-02  1.225e-13 -3.206e-14  9.232e-02  4.273e-14  1.301e-01 -1.229e-01 -6.407e-14  1.952e+00 -9.856e-14]
 [ 9.691e-02 -1.846e-14 -6.874e-02  3.156e-13 -6.970e-15  1.083e-01  1.211e-13 -1.482e-01 -6.874e-02  1.773e-13  1.301e-01 -3.239e-12  1.237e-13 -1.482e-01 -1.080e-13  3.701e+00]]
####################
D2ab:
[[ 9.991e-01  1.788e-07 -1.047e-05  1.161e-07  1.788e-07  8.641e-04 -3.025e-08  2.232e-05 -1.047e-05 -3.025e-08 -2.109e-02  8.270e-07  1.161e-07  2.232e-05  8.270e-07 -6.183e-03]
 [ 1.788e-07  9.977e-01 -2.939e-07 -6.200e-05  3.343e-05  2.122e-07  3.409e-07  4.246e-08  3.537e-08 -9.158e-06 -2.037e-06 -1.105e-02  2.645e-06  2.164e-07 -1.692e-03 -2.820e-07]
 [-1.047e-05 -2.939e-07  1.669e-03 -3.875e-08  3.537e-08  3.560e-06 -1.143e-07 -4.922e-04  2.034e-04  2.352e-07  1.069e-05  4.656e-08 -8.097e-10 -4.110e-04 -6.733e-08 -1.687e-05]
 [ 1.161e-07 -6.200e-05 -3.875e-08  1.556e-04  2.645e-06  5.279e-08 -4.787e-05 -3.358e-09 -8.097e-10  2.769e-04  1.554e-08  9.469e-06 -3.128e-05  2.983e-08 -3.728e-07 -1.560e-08]
 [ 1.788e-07  3.343e-05  3.537e-08  2.645e-06  9.977e-01  2.122e-07 -9.158e-06  2.164e-07 -2.939e-07  3.409e-07 -2.037e-06 -1.692e-03 -6.200e-05  4.246e-08 -1.105e-02 -2.820e-07]
 [ 8.641e-04  2.122e-07  3.560e-06  5.279e-08  2.122e-07  9.980e-01 -1.424e-07 -5.712e-05  3.560e-06 -1.424e-07 -3.830e-02  5.058e-07  5.279e-08 -5.712e-05  5.058e-07 -8.847e-03]
 [-3.025e-08  3.409e-07 -1.143e-07 -4.787e-05 -9.158e-06 -1.424e-07  5.295e-04 -2.152e-08  2.352e-07 -3.503e-05  3.527e-08 -3.496e-06  2.769e-04 -2.434e-08  1.299e-05 -2.845e-08]
 [ 2.232e-05  4.246e-08 -4.922e-04 -3.358e-09  2.164e-07 -5.712e-05 -2.152e-08  2.321e-04 -4.110e-04 -2.434e-08 -3.317e-06  5.012e-09  2.983e-08  2.036e-04  4.482e-09  8.462e-06]
 [-1.047e-05  3.537e-08  2.034e-04 -8.097e-10 -2.939e-07  3.560e-06  2.352e-07 -4.110e-04  1.669e-03 -1.143e-07  1.069e-05 -6.733e-08 -3.875e-08 -4.922e-04  4.656e-08 -1.687e-05]
 [-3.025e-08 -9.158e-06  2.352e-07  2.769e-04  3.409e-07 -1.424e-07 -3.503e-05 -2.434e-08 -1.143e-07  5.295e-04  3.527e-08  1.299e-05 -4.787e-05 -2.152e-08 -3.496e-06 -2.845e-08]
 [-2.109e-02 -2.037e-06  1.069e-05  1.554e-08 -2.037e-06 -3.830e-02  3.527e-08 -3.317e-06  1.069e-05  3.527e-08  1.915e-03 -6.414e-09  1.554e-08 -3.317e-06 -6.414e-09  4.690e-04]
 [ 8.270e-07 -1.105e-02  4.656e-08  9.469e-06 -1.692e-03  5.058e-07 -3.496e-06  5.012e-09 -6.733e-08  1.299e-05 -6.414e-09  1.308e-04 -3.728e-07  4.482e-09  3.290e-05 -8.815e-09]
 [ 1.161e-07  2.645e-06 -8.097e-10 -3.128e-05 -6.200e-05  5.279e-08  2.769e-04  2.983e-08 -3.875e-08 -4.787e-05  1.554e-08 -3.728e-07  1.556e-04 -3.358e-09  9.469e-06 -1.560e-08]
 [ 2.232e-05  2.164e-07 -4.110e-04  2.983e-08  4.246e-08 -5.712e-05 -2.434e-08  2.036e-04 -4.922e-04 -2.152e-08 -3.317e-06  4.482e-09 -3.358e-09  2.321e-04  5.012e-09  8.462e-06]
 [ 8.270e-07 -1.692e-03 -6.733e-08 -3.728e-07 -1.105e-02  5.058e-07  1.299e-05  4.482e-09  4.656e-08 -3.496e-06 -6.414e-09  3.290e-05  9.469e-06  5.012e-09  1.308e-04 -8.815e-09]
 [-6.183e-03 -2.820e-07 -1.687e-05 -1.560e-08 -2.820e-07 -8.847e-03 -2.845e-08  8.462e-06 -1.687e-05 -2.845e-08  4.690e-04 -8.815e-09 -1.560e-08  8.462e-06 -8.815e-09  1.173e-04]]
####################
NuclearRepulsion:
9.17240498928
####################
PrimalEnergy:
-7.62362147465399
####################
DONE
=== END TEST ===
=== START TEST: Hydrogen_chain_H4_0.3541666666666667 ===
Time to initialize BPSDP  1e-05  seconds
CASCI E = -0.542468571898209  E(CI) = -7.01710738786056  S^2 = 0.0000000
